timeStep pedestrianId overlapPedestrianId distance-PID3 overlaps-PID3
2 1 82 0.0 0.4
2 2 83 0.0 0.4
2 3 84 0.0 0.4
2 4 85 0.0 0.4
2 5 86 0.0 0.4
2 6 87 0.0 0.4
2 7 88 0.0 0.4
2 8 18 0.3817423910539432 0.018257608946056825
2 8 90 0.3557099337571242 0.04429006624287585
2 9 18 0.24840250447298282 0.1515974955270172
2 10 91 0.0 0.4
2 11 92 0.0 0.4
2 12 93 0.0 0.4
2 13 94 0.0 0.4
2 14 95 0.0 0.4
2 15 96 0.0 0.4
2 16 97 0.0 0.4
2 17 25 0.3968284806189866 0.003171519381013399
2 17 89 0.008217837578576663 0.3917821624214234
2 17 90 0.3945977656899385 0.005402234310061538
2 18 99 0.39001448784942677 0.00998551215057325
2 19 100 0.0 0.4
2 20 101 0.0 0.4
2 21 102 0.0 0.4
2 22 103 0.0 0.4
2 23 104 0.0 0.4
2 24 41 0.39760734824565813 0.00239265175434189
2 24 105 0.0 0.4
2 25 89 0.3932293899299111 0.006770610070088945
2 25 98 0.008777612400164002 0.391222387599836
2 26 43 0.39360310219660327 0.0063968978033967505
2 26 107 0.0 0.4
2 28 109 0.0 0.4
2 29 110 0.0 0.4
2 30 111 0.0 0.4
2 31 112 0.0 0.4
2 32 49 0.39766479424255546 0.0023352057574445584
2 32 113 0.0 0.4
2 33 106 0.0024933988411760272 0.39750660115882397
2 34 108 0.008675760281076967 0.39132423971892305
2 34 117 0.3949674003237141 0.005032599676285943
2 35 117 0.3605625768611504 0.039437423138849625
2 35 126 0.3797271473228196 0.02027285267718043
2 37 118 0.0 0.4
2 38 119 0.0 0.4
2 39 120 0.0 0.4
2 40 121 0.0 0.4
2 41 42 0.3983355908245997 0.0016644091754003387
2 41 105 0.39760734824565813 0.00239265175434189
2 41 114 0.010426753267302902 0.3895732467326971
2 41 115 0.3926219877890113 0.007378012210988716
2 42 43 0.3982134011785546 0.0017865988214454398
2 42 51 0.3958523406919973 0.004147659308002705
2 42 115 0.009089302532959278 0.39091069746704077
2 42 116 0.3964971721712384 0.003502827828761601
2 42 124 0.3948549926027392 0.005145007397260815
2 43 107 0.39360310219660327 0.0063968978033967505
2 43 116 0.00852840921761722 0.3914715907823828
2 44 45 0.3843806810084858 0.015619318991514197
2 44 126 0.3946555228034903 0.0053444771965097115
2 44 135 0.39912759157387817 8.724084261218512E-4
2 45 53 0.22913232458485255 0.17086767541514747
2 45 63 0.3905700924517847 0.009429907548215322
2 46 127 0.0 0.4
2 47 128 0.0 0.4
2 48 129 0.0 0.4
2 49 113 0.39766479424255546 0.0023352057574445584
2 49 122 0.005310458071735543 0.3946895419282645
2 49 123 0.39897320993618046 0.0010267900638195604
2 50 123 0.008781940538859492 0.3912180594611405
2 50 124 0.39379045290707 0.0062095470929300345
2 50 132 0.3989981232189539 0.0010018767810461293
2 51 124 0.009434714913547845 0.39056528508645216
2 51 125 0.3926217147854524 0.007378285214547642
2 52 116 0.39507228421921303 0.00492771578078699
2 52 125 0.013317369084803871 0.38668263091519617
2 52 126 0.39079025836057946 0.009209741639420566
2 53 135 0.38728109827164453 0.012718901728355492
2 53 144 0.38600626806285987 0.013993731937140153
2 54 62 0.39220478491669014 0.007795215083309881
2 54 63 0.3862398600257188 0.013760139974281216
2 55 64 0.3226804058452812 0.07731959415471884
2 56 137 0.0 0.4
2 57 58 0.3929575314171143 0.007042468582885708
2 57 130 0.010246766537587671 0.38975323346241236
2 57 131 0.39733841781071816 0.0026615821892818636
2 57 139 0.3929575314171143 0.007042468582885708
2 58 139 0.0 0.4
2 59 132 0.009979559125849689 0.39002044087415033
2 59 133 0.3983048335738517 0.001695166426148309
2 59 141 0.39279148505137446 0.007208514948625566
2 60 150 0.39840273772912815 0.0015972622708718687
2 61 69 0.3770262347194321 0.022973765280567937
2 61 70 0.3581205601222144 0.04187943987778564
2 64 73 0.38549342520611574 0.014506574793884286
2 65 66 0.3843864392606422 0.015613560739357824
2 65 73 0.16458048013704446 0.23541951986295556
2 65 74 0.37861285883109397 0.021387141168906054
2 65 75 0.3841404671432669 0.01585953285673314
2 66 75 0.3495260905837635 0.05047390941623653
2 66 76 0.3756293523169275 0.02437064768307251
2 68 69 0.2648114030601696 0.13518859693983043
2 70 79 0.21080241076483502 0.189197589235165
2 70 80 0.33661357998616886 0.06338642001383116
2 72 79 0.38348196500960086 0.016518034990399166
2 73 74 0.39306589030835326 0.0069341096916467615
2 79 80 0.3994165970590647 5.834029409353403E-4
3 1 82 0.0 0.4
3 2 83 0.0 0.4
3 3 84 0.0 0.4
3 4 85 0.0 0.4
3 5 86 0.0 0.4
3 6 87 0.0 0.4
3 7 88 0.0 0.4
3 8 18 0.3817423910539432 0.018257608946056825
3 8 90 0.3557099337571242 0.04429006624287585
3 10 91 0.0 0.4
3 11 92 0.0 0.4
3 12 20 0.39338346207592295 0.0066165379240770705
3 12 93 0.0 0.4
3 13 30 0.397547403054362 0.0024525969456380414
3 13 40 0.3901820432912838 0.009817956708716213
3 13 111 0.397547403054362 0.0024525969456380414
3 13 112 0.012717805652207679 0.3872821943477923
3 14 95 0.0 0.4
3 15 24 0.3966682940728603 0.0033317059271397165
3 15 97 0.39513836623512616 0.004861633764873863
3 15 106 0.008755488832433052 0.391244511167567
3 16 26 0.38974019856241643 0.010259801437583593
3 16 33 0.39854763180529335 0.0014523681947066769
3 16 34 0.3920826181020992 0.00791738189790081
3 16 43 0.39021700118086877 0.00978299881913125
3 16 107 0.015399025568240977 0.38460097443175906
3 17 25 0.3968284806189866 0.003171519381013399
3 17 89 0.008217837578576663 0.3917821624214234
3 17 90 0.3945977656899385 0.005402234310061538
3 17 105 0.3990774643984767 9.225356015233332E-4
3 18 98 0.39373824479327885 0.006261755206721176
3 18 99 0.39001448784942677 0.00998551215057325
3 19 100 0.0 0.4
3 20 93 0.39338346207592295 0.0066165379240770705
3 20 102 0.013168289787776306 0.38683171021222373
3 20 103 0.3922475826258246 0.007752417374175424
3 21 30 0.39475112080866404 0.005248879191335987
3 21 111 0.39475112080866404 0.005248879191335987
3 21 119 0.3984409098903018 0.0015590901096982357
3 21 120 0.00811978821938188 0.39188021178061816
3 22 31 0.39712436342209984 0.002875636577900187
3 22 121 0.027344314584444248 0.37265568541555577
3 23 104 0.0 0.4
3 23 121 0.3912649817025682 0.00873501829743184
3 24 32 0.39834004384380556 0.0016599561561944642
3 24 115 0.39621692754182686 0.0037830724581731645
3 25 89 0.3932293899299111 0.006770610070088945
3 25 98 0.398166169021837 0.0018338309781630313
3 25 105 0.005599101504509206 0.3944008984954908
3 26 34 0.008808155152468225 0.3911918448475318
3 26 98 0.3935109472971166 0.006489052702883413
3 28 109 0.0 0.4
3 29 110 0.39153284438061947 0.00846715561938055
3 29 118 0.39594291093633693 0.0040570890636630885
3 29 119 0.01220615940820217 0.38779384059179783
3 30 111 0.0 0.4
3 31 49 0.39810105799941614 0.0018989420005838809
3 31 113 0.3971065188135749 0.0028934811864251286
3 31 131 0.3919050061067698 0.008094993893230207
3 32 115 0.009794331359787276 0.3902056686402127
3 32 121 0.39345315102809214 0.0065468489719078815
3 33 42 0.3937797723247562 0.006220227675243828
3 33 43 0.008646190211788732 0.39135380978821127
3 33 117 0.3984738015424041 0.0015261984575959398
3 33 123 0.39979590923885217 2.0409076114785707E-4
3 34 117 0.3949674003237141 0.005032599676285943
3 37 127 0.01092513510475296 0.38907486489524706
3 38 46 0.39592403498709117 0.004075965012908855
3 38 56 0.398496846984687 0.001503153015313008
3 39 48 0.01906745036953298 0.380932549630467
3 39 129 0.3925048849705255 0.0074951150294745306
3 39 130 0.3922859709985382 0.007714029001461842
3 39 147 0.3973937993052121 0.002606200694787897
3 41 42 0.3929288965702823 0.007071103429717729
3 41 51 0.39231939385928344 0.007680606140716584
3 42 51 0.016280404833052275 0.38371959516694776
3 42 126 0.39464887672459925 0.005351123275400771
3 43 107 0.39360310219660327 0.0063968978033967505
3 43 123 0.39781023406622845 0.0021897659337715702
3 44 45 0.39110763331314585 0.00889236668685417
3 45 53 0.3901387366357826 0.009861263364217443
3 45 135 0.38118092270104625 0.018819077298953768
3 46 127 0.39225610823360013 0.007743891766399891
3 46 128 0.010738290646728111 0.3892617093532719
3 47 56 0.010602758557306276 0.3893972414426937
3 47 127 0.39600451529878367 0.003995484701216356
3 47 129 0.3945506499869963 0.005449350013003729
3 47 137 0.3922904522487239 0.007709547751276136
3 49 50 0.38962014191312655 0.010379858086873472
3 50 113 0.39734994283223096 0.00265005716776906
3 50 122 0.3944279676991274 0.005572032300872609
3 51 124 0.39828272580179885 0.0017172741982011686
3 51 126 0.3952812000758065 0.004718799924193495
3 52 124 0.39340162296824216 0.006598377031757863
3 52 125 0.005471814612954023 0.394528185387046
3 52 144 0.39075001102697743 0.009249988973022594
3 53 116 0.38921225359356265 0.01078774640643737
3 53 126 0.39073172657068456 0.009268273429315466
3 55 64 0.3226804058452812 0.07731959415471884
3 55 136 0.39127761059399707 0.00872238940600295
3 55 146 0.3875234791078846 0.012476520892115428
3 56 127 0.39815388000841156 0.0018461199915884574
3 56 129 0.3920403899804109 0.007959610019589114
3 57 122 0.3949388035412864 0.005061196458713613
3 57 140 0.013044069555563052 0.386955930444437
3 57 149 0.3889620176841843 0.011037982315815709
3 58 147 0.3973805753196119 0.002619424680388116
3 59 122 0.01799694449002589 0.38200305550997415
3 59 132 0.39232965313893986 0.007670346861060162
3 59 150 0.39261598281223203 0.007384017187767988
3 60 69 0.3910330009445803 0.0089669990554197
3 60 70 0.39148017494418014 0.008519825055819885
3 60 78 0.3931199050231035 0.006880094976896511
3 60 142 0.07428529629717096 0.32571470370282907
3 61 71 0.3741713088400023 0.025828691159997696
3 61 143 0.37603622845905554 0.02396377154094448
3 61 144 0.3744278827942308 0.02557211720576924
3 64 73 0.38549342520611574 0.014506574793884286
3 65 66 0.3843864392606422 0.015613560739357824
3 65 73 0.16458048013704446 0.23541951986295556
3 65 74 0.37861285883109397 0.021387141168906054
3 65 75 0.3841404671432669 0.01585953285673314
3 65 146 0.3912190451912341 0.008780954808765895
3 66 75 0.3495260905837635 0.05047390941623653
3 66 76 0.3756293523169275 0.02437064768307251
3 66 148 0.38712408398098336 0.012875916019016664
3 67 68 0.35060852167263135 0.049391478327368676
3 67 148 0.10338329529003279 0.29661670470996726
3 68 69 0.3527062841025583 0.047293715897441746
3 68 77 0.383413045341448 0.016586954658552033
3 68 78 0.383555476225783 0.016444523774217013
3 70 79 0.38275431509420627 0.017245684905793757
3 70 80 0.33661357998616886 0.06338642001383116
3 71 80 0.382388331881812 0.01761166811818804
3 71 133 0.30309932654203614 0.09690067345796388
3 72 79 0.23164043638942922 0.1683595636105708
3 73 74 0.39306589030835326 0.0069341096916467615
3 74 146 0.015788952873427357 0.38421104712657267
3 76 139 0.39332944784123547 0.006670552158764553
3 79 80 0.38687398400844275 0.013126015991557272
3 79 143 0.38497151090772713 0.01502848909227289
3 80 142 0.39983943215383505 1.6056784616497177E-4
3 80 143 0.37957083781509915 0.020429162184900873
3 89 105 0.39557389295760703 0.0044261070423929905
3 98 99 0.00807351064354091 0.39192648935645913
3 98 105 0.3929820973207551 0.007017902679244903
3 99 105 0.3966043048694947 0.003395695130505305
3 104 121 0.3912649817025682 0.00873501829743184
3 108 116 0.3941568598176371 0.005843140182362927
3 113 131 0.00672452586479219 0.39327547413520786
3 113 140 0.39666843611376845 0.00333156388623157
3 114 124 0.39958715503118214 4.128449688178826E-4
3 114 141 0.004417417448145569 0.39558258255185447
3 115 123 0.39596535915687603 0.004034640843123993
3 118 128 0.39211239127154207 0.007887608728457951
3 122 140 0.3942739458071616 0.005726054192838448
3 124 125 0.3931766371283526 0.00682336287164742
3 124 134 0.39102042167895296 0.008979578321047066
3 124 141 0.3958156171892878 0.004184382810712206
3 125 144 0.39622053739724195 0.003779462602758077
3 126 134 0.398061131260123 0.001938868739877031
3 129 138 0.3980879643208921 0.0019120356791079152
3 129 147 0.015739563977408985 0.384260436022591
3 133 142 0.38775055674752684 0.01224944325247318
3 133 150 0.397433486526017 0.002566513473983012
3 136 145 0.019311400287285313 0.38068859971271474
3 137 138 0.39881698253693293 0.001183017463067093
3 137 146 0.3969150033133946 0.0030849966866054457
3 138 147 0.3922887625651461 0.0077112374348539126
3 139 149 0.39295105134738584 0.007048948652614184
4 1 82 0.0 0.4
4 2 83 0.0 0.4
4 3 84 0.0 0.4
4 4 85 0.0 0.4
4 5 86 0.0 0.4
4 6 87 0.0 0.4
4 8 18 0.3817423910539432 0.018257608946056825
4 8 90 0.3557099337571242 0.04429006624287585
4 10 91 0.0 0.4
4 11 92 0.397992274235923 0.0020077257640770396
4 12 20 0.39338346207592295 0.0066165379240770705
4 12 93 0.39301863729857445 0.006981362701425575
4 13 21 0.024068449259593675 0.37593155074040635
4 13 30 0.397547403054362 0.0024525969456380414
4 13 111 0.39950580453483553 4.941954651644931E-4
4 15 24 0.3966682940728603 0.0033317059271397165
4 15 97 0.39513836623512616 0.004861633764873863
4 15 106 0.008755488832433052 0.391244511167567
4 16 26 0.38974019856241643 0.010259801437583593
4 16 33 0.39854763180529335 0.0014523681947066769
4 16 43 0.39021700118086877 0.00978299881913125
4 17 18 0.3911147621087284 0.008885237891271602
4 17 90 0.39326639299378113 0.006733607006218889
4 17 105 0.3957334570356902 0.0042665429643098385
4 19 100 0.39703581207882027 0.0029641879211797506
4 20 102 0.013168289787776306 0.38683171021222373
4 20 103 0.3922475826258246 0.007752417374175424
4 21 22 0.39875902347523484 0.0012409765247651805
4 21 103 0.39326863497139597 0.006731365028604053
4 22 40 0.3974495239235096 0.002550476076490449
4 22 112 0.3950537821787208 0.004946217821279242
4 22 121 0.3955934223754732 0.004406577624526842
4 23 104 0.0 0.4
4 24 32 0.39834004384380556 0.0016599561561944642
4 24 95 0.399675031967835 3.2496803216502945E-4
4 25 88 0.39748248065424185 0.002517519345758168
4 25 89 0.3932293899299111 0.006770610070088945
4 25 105 0.005599101504509206 0.3944008984954908
4 26 99 0.39054379053990357 0.009456209460096454
4 26 107 0.393026504989204 0.006973495010796027
4 26 108 0.38803358504759444 0.01196641495240558
4 28 100 0.004965373593355873 0.39503462640664416
4 28 109 0.3973779191921073 0.002622080807892724
4 29 109 0.39818143093183067 0.0018185690681693512
4 29 110 0.39153284438061947 0.00846715561938055
4 29 118 0.39594291093633693 0.0040570890636630885
4 29 119 0.01220615940820217 0.38779384059179783
4 31 49 0.3974703264771503 0.002529673522849718
4 31 50 0.3920418985938975 0.007958101406102536
4 31 115 0.3933094869999994 0.00669051300000062
4 31 121 0.39536981886069866 0.004630181139301359
4 32 121 0.027265229261167253 0.37273477073883277
4 33 43 0.008646190211788732 0.39135380978821127
4 33 99 0.39868213012558373 0.0013178698744162887
4 33 123 0.39979590923885217 2.0409076114785707E-4
4 34 42 0.02709886413656223 0.3729011358634378
4 34 53 0.3879966602168396 0.012003339783160427
4 34 98 0.3858526776655778 0.01414732233442223
4 34 99 0.39923898243093936 7.610175690606624E-4
4 34 107 0.39557283613707034 0.004427163862929684
4 34 126 0.38874635995052265 0.011253640049477376
4 37 127 0.01092513510475296 0.38907486489524706
4 38 46 0.39592403498709117 0.004075965012908855
4 39 48 0.39301585324748717 0.006984146752512854
4 39 129 0.3925048849705255 0.0074951150294745306
4 39 130 0.3922859709985382 0.007714029001461842
4 40 112 0.012974072499150485 0.3870259275008495
4 40 131 0.39106611025814736 0.008933889741852663
4 41 51 0.39231939385928344 0.007680606140716584
4 41 115 0.012545135743691545 0.3874548642563085
4 42 53 0.3870964667786719 0.012903533221328145
4 42 98 0.3848878483700962 0.015112151629903814
4 43 123 0.39781023406622845 0.0021897659337715702
4 45 53 0.3901387366357826 0.009861263364217443
4 45 135 0.38118092270104625 0.018819077298953768
4 46 127 0.39225610823360013 0.007743891766399891
4 46 128 0.010738290646728111 0.3892617093532719
4 47 56 0.3927547659301127 0.0072452340698873074
4 47 127 0.39600451529878367 0.003995484701216356
4 47 129 0.3945506499869963 0.005449350013003729
4 47 137 0.3922904522487239 0.007709547751276136
4 48 58 0.3940488582664161 0.005951141733583909
4 48 130 0.008012276669215166 0.39198772333078485
4 49 50 0.0055339455936186 0.39446605440638144
4 51 124 0.39828272580179885 0.0017172741982011686
4 51 126 0.3952812000758065 0.004718799924193495
4 52 124 0.39340162296824216 0.006598377031757863
4 52 125 0.005471814612954023 0.394528185387046
4 52 143 0.3877538289376522 0.012246171062347821
4 53 114 0.38994228462225533 0.010057715377744691
4 53 126 0.39073172657068456 0.009268273429315466
4 55 64 0.3226804058452812 0.07731959415471884
4 55 136 0.3854996645301952 0.014500335469804837
4 55 146 0.3875234791078846 0.012476520892115428
4 56 137 0.01923794287040478 0.38076205712959527
4 56 145 0.39498505522573163 0.005014944774268393
4 56 146 0.3953591628265582 0.004640837173441825
4 57 113 0.3990512890077558 9.48710992244195E-4
4 57 140 0.013044069555563052 0.386955930444437
4 57 149 0.3889620176841843 0.011037982315815709
4 59 132 0.39232965313893986 0.007670346861060162
4 59 150 0.39261598281223203 0.007384017187767988
4 60 67 0.391129034705701 0.008870965294299038
4 60 69 0.3910330009445803 0.0089669990554197
4 60 70 0.39148017494418014 0.008519825055819885
4 60 78 0.3931199050231035 0.006880094976896511
4 61 71 0.3741713088400023 0.025828691159997696
4 61 143 0.12107887621189742 0.27892112378810263
4 62 144 0.3987365338314139 0.001263466168586136
4 64 73 0.38549342520611574 0.014506574793884286
4 64 136 0.07033242871047182 0.32966757128952817
4 65 66 0.3843864392606422 0.015613560739357824
4 65 73 0.16458048013704446 0.23541951986295556
4 65 74 0.37861285883109397 0.021387141168906054
4 65 75 0.3841404671432669 0.01585953285673314
4 65 146 0.3912190451912341 0.008780954808765895
4 66 75 0.3495260905837635 0.05047390941623653
4 66 76 0.3756293523169275 0.02437064768307251
4 66 148 0.38712408398098336 0.012875916019016664
4 67 68 0.39382194062854564 0.006178059371454381
4 67 78 0.010364052360997017 0.389635947639003
4 67 150 0.39252867916842493 0.00747132083157509
4 68 69 0.3527062841025583 0.047293715897441746
4 68 77 0.383413045341448 0.016586954658552033
4 68 78 0.383555476225783 0.016444523774217013
4 70 79 0.38275431509420627 0.017245684905793757
4 70 80 0.33661357998616886 0.06338642001383116
4 71 80 0.382388331881812 0.01761166811818804
4 71 133 0.30309932654203614 0.09690067345796388
4 72 79 0.37921134942657925 0.020788650573420775
4 72 81 0.3101650153327513 0.08983498466724871
4 73 74 0.39306589030835326 0.0069341096916467615
4 74 146 0.015788952873427357 0.38421104712657267
4 76 139 0.39332944784123547 0.006670552158764553
4 76 147 0.39204283763634834 0.007957162363651682
4 77 113 0.3920286871202884 0.007971312879711645
4 79 80 0.38687398400844275 0.013126015991557272
4 79 142 0.3896122816613741 0.010387718338625895
4 88 89 0.005961596141962767 0.39403840385803723
4 88 90 0.3978262565502485 0.0021737434497515196
4 88 105 0.3997729325171702 2.2706748282980138E-4
4 89 105 0.39557389295760703 0.0044261070423929905
4 92 101 0.008323126233119598 0.39167687376688043
4 92 102 0.39476308238976177 0.005236917610238256
4 93 94 0.010674858969613081 0.38932514103038696
4 93 103 0.3963981132815151 0.003601886718484937
4 95 96 0.008240676911877907 0.3917593230881221
4 95 97 0.3941247007239944 0.005875299276005608
4 98 108 0.20928906873172703 0.190710931268273
4 98 117 0.39208958383988723 0.007910416160112788
4 99 107 0.003713822517897172 0.3962861774821029
4 109 118 0.0051843785835157825 0.39481562141648424
4 109 128 0.396723600620969 0.003276399379031014
4 111 120 0.39695541063457035 0.003044589365429673
4 111 130 0.392682958301684 0.00731704169831604
4 112 131 0.39371007230469934 0.006289927695300679
4 113 139 0.3994937392345417 5.06260765458344E-4
4 113 149 0.012025992815176374 0.38797400718482367
4 113 150 0.3954883804550543 0.004511619544945722
4 114 126 0.39933273177190376 6.672682280962627E-4
4 114 134 0.2750966810723448 0.12490331892765522
4 115 141 0.39506903797950643 0.00493096202049359
4 118 128 0.39211239127154207 0.007887608728457951
4 122 125 0.39509951756589506 0.004900482434104958
4 122 132 0.017629428385838485 0.38237057161416155
4 124 125 0.3931766371283526 0.00682336287164742
4 124 141 0.3958156171892878 0.004184382810712206
4 125 143 0.3921480068095121 0.007851993190487905
4 129 138 0.3980879643208921 0.0019120356791079152
4 133 150 0.397433486526017 0.002566513473983012
4 134 143 0.3793088001217527 0.0206911998782473
4 134 144 0.3840809240321716 0.015919075967828433
4 137 138 0.39881698253693293 0.001183017463067093
4 137 146 0.3969150033133946 0.0030849966866054457
4 138 147 0.3989633787046295 0.0010366212953705212
4 139 147 0.0034683002168727356 0.3965316997831273
4 139 149 0.39295105134738584 0.007048948652614184
4 143 144 0.38784725024938205 0.012152749750617975
4 147 149 0.39622415781750336 0.003775842182496658
5 1 82 0.0 0.4
5 2 83 0.0 0.4
5 3 84 0.0 0.4
5 4 85 0.0 0.4
5 4 93 0.3938689144318156 0.0061310855681844245
5 5 7 0.010800709943440612 0.3891992900565594
5 5 88 0.3991799406529004 8.200593470996109E-4
5 5 89 0.39504901621195476 0.00495098378804526
5 6 87 0.0 0.4
5 8 18 0.3817423910539432 0.018257608946056825
5 8 90 0.3557099337571242 0.04429006624287585
5 10 91 0.0 0.4
5 11 92 0.397992274235923 0.0020077257640770396
5 13 21 0.024068449259593675 0.37593155074040635
5 13 30 0.397547403054362 0.0024525969456380414
5 13 111 0.39950580453483553 4.941954651644931E-4
5 14 93 0.3972411568616894 0.002758843138310596
5 15 24 0.3966682940728603 0.0033317059271397165
5 15 97 0.39513836623512616 0.004861633764873863
5 15 106 0.008755488832433052 0.391244511167567
5 16 33 0.39854763180529335 0.0014523681947066769
5 16 43 0.38910457894293693 0.010895421057063093
5 17 18 0.3911147621087284 0.008885237891271602
5 17 25 0.005727589024235635 0.3942724109757644
5 17 43 0.39472771785386035 0.005272282146139673
5 17 90 0.39326639299378113 0.006733607006218889
5 17 105 0.3957334570356902 0.0042665429643098385
5 18 25 0.3942935833208022 0.005706416679197801
5 19 100 0.39703581207882027 0.0029641879211797506
5 20 30 0.010359773472091868 0.38964022652790814
5 20 102 0.3933260643570604 0.00667393564293961
5 20 110 0.3964927481464189 0.0035072518535811392
5 21 22 0.39875902347523484 0.0012409765247651805
5 21 103 0.39326863497139597 0.006731365028604053
5 22 40 0.3974495239235096 0.002550476076490449
5 22 112 0.3950537821787208 0.004946217821279242
5 22 121 0.3955934223754732 0.004406577624526842
5 23 104 0.0 0.4
5 24 95 0.399675031967835 3.2496803216502945E-4
5 25 43 0.39011805773218605 0.00988194226781397
5 25 90 0.3979322192812501 0.002067780718749912
5 25 105 0.39238280817899795 0.007617191821002067
5 28 100 0.004965373593355873 0.39503462640664416
5 28 109 0.3973779191921073 0.002622080807892724
5 29 39 0.02833441940793375 0.3716655805920663
5 29 120 0.3920981263380601 0.007901873661939895
5 31 49 0.3974703264771503 0.002529673522849718
5 31 50 0.3920418985938975 0.007958101406102536
5 31 115 0.3933094869999994 0.00669051300000062
5 31 121 0.39536981886069866 0.004630181139301359
5 32 33 0.39636418885718877 0.0036358111428112516
5 32 115 0.3999673556986548 3.2644301345197135E-5
5 32 123 0.009078047313313032 0.390921952686687
5 33 123 0.39979590923885217 2.0409076114785707E-4
5 37 127 0.01092513510475296 0.38907486489524706
5 38 46 0.39592403498709117 0.004075965012908855
5 39 48 0.39301585324748717 0.006984146752512854
5 39 129 0.3925048849705255 0.0074951150294745306
5 40 112 0.012974072499150485 0.3870259275008495
5 40 131 0.39106611025814736 0.008933889741852663
5 41 51 0.39031541847507545 0.009684581524924574
5 41 122 0.3914077183679824 0.00859228163201764
5 41 124 0.011694980695164324 0.3883050193048357
5 41 125 0.38847883700862074 0.011521162991379286
5 43 108 0.3899987769560603 0.010001223043939744
5 44 114 0.3922994476890604 0.0077005523109396345
5 46 127 0.39225610823360013 0.007743891766399891
5 46 128 0.010738290646728111 0.3892617093532719
5 47 56 0.3927547659301127 0.0072452340698873074
5 47 127 0.39600451529878367 0.003995484701216356
5 47 129 0.3945506499869963 0.005449350013003729
5 47 137 0.004733113776627939 0.3952668862233721
5 48 58 0.3940488582664161 0.005951141733583909
5 49 50 0.0055339455936186 0.39446605440638144
5 51 122 0.0079654636867309 0.3920345363132691
5 51 124 0.39828272580179885 0.0017172741982011686
5 51 126 0.3952812000758065 0.004718799924193495
5 52 124 0.39340162296824216 0.006598377031757863
5 53 107 0.3851316248823762 0.014868375117623844
5 53 125 0.3878947535583621 0.012105246441637907
5 53 126 0.39073172657068456 0.009268273429315466
5 53 143 0.3441040253597357 0.0558959746402643
5 55 64 0.3226804058452812 0.07731959415471884
5 55 136 0.3854996645301952 0.014500335469804837
5 55 146 0.3875234791078846 0.012476520892115428
5 56 137 0.39695463443904744 0.0030453655609525843
5 56 145 0.39498505522573163 0.005014944774268393
5 56 146 0.3953591628265582 0.004640837173441825
5 57 59 0.3937721058046812 0.006227894195318828
5 57 67 0.39134430727813935 0.008655692721860675
5 57 133 0.39618474052933406 0.003815259470665966
5 57 150 0.0016668220321003392 0.3983331779678997
5 59 132 0.39232965313893986 0.007670346861060162
5 59 150 0.39261598281223203 0.007384017187767988
5 60 67 0.391129034705701 0.008870965294299038
5 60 69 0.3910330009445803 0.0089669990554197
5 60 70 0.39148017494418014 0.008519825055819885
5 60 78 0.3931199050231035 0.006880094976896511
5 61 71 0.3741713088400023 0.025828691159997696
5 64 73 0.38549342520611574 0.014506574793884286
5 64 136 0.07033242871047182 0.32966757128952817
5 65 66 0.3843864392606422 0.015613560739357824
5 65 73 0.16458048013704446 0.23541951986295556
5 65 74 0.37861285883109397 0.021387141168906054
5 65 75 0.3841404671432669 0.01585953285673314
5 65 146 0.3912190451912341 0.008780954808765895
5 66 75 0.3495260905837635 0.05047390941623653
5 66 76 0.3756293523169275 0.02437064768307251
5 66 148 0.38712408398098336 0.012875916019016664
5 67 68 0.39382194062854564 0.006178059371454381
5 67 78 0.010364052360997017 0.389635947639003
5 67 150 0.39252867916842493 0.00747132083157509
5 68 69 0.3527062841025583 0.047293715897441746
5 68 77 0.383413045341448 0.016586954658552033
5 68 78 0.383555476225783 0.016444523774217013
5 68 113 0.3934706270713197 0.006529372928680333
5 70 79 0.38275431509420627 0.017245684905793757
5 70 80 0.33661357998616886 0.06338642001383116
5 71 80 0.382388331881812 0.01761166811818804
5 71 133 0.30309932654203614 0.09690067345796388
5 72 79 0.37921134942657925 0.020788650573420775
5 72 81 0.3101650153327513 0.08983498466724871
5 73 74 0.39306589030835326 0.0069341096916467615
5 74 146 0.015788952873427357 0.38421104712657267
5 76 113 0.3929587789552074 0.0070412210447926005
5 76 139 0.39332944784123547 0.006670552158764553
5 76 147 0.39204283763634834 0.007957162363651682
5 77 113 0.010995540926396805 0.3890044590736032
5 79 80 0.38687398400844275 0.013126015991557272
5 79 142 0.3896122816613741 0.010387718338625895
5 85 93 0.3938689144318156 0.0061310855681844245
5 86 93 0.009489527931938534 0.3905104720680615
5 88 89 0.005961596141962767 0.39403840385803723
5 88 90 0.3978262565502485 0.0021737434497515196
5 88 105 0.3997729325171702 2.2706748282980138E-4
5 89 105 0.39557389295760703 0.0044261070423929905
5 92 101 0.008323126233119598 0.39167687376688043
5 92 102 0.39476308238976177 0.005236917610238256
5 95 96 0.008240676911877907 0.3917593230881221
5 95 97 0.3941247007239944 0.005875299276005608
5 98 107 0.38697390751451616 0.013026092485483864
5 98 108 0.20928906873172703 0.190710931268273
5 99 107 0.39266258192338677 0.007337418076613256
5 109 118 0.0051843785835157825 0.39481562141648424
5 109 128 0.396723600620969 0.003276399379031014
5 111 120 0.39695541063457035 0.003044589365429673
5 112 131 0.39371007230469934 0.006289927695300679
5 113 149 0.39591766853425453 0.004082331465745492
5 114 143 0.3850677375300091 0.014932262469990909
5 115 122 0.39536203564860195 0.004637964351398072
5 115 141 0.39506903797950643 0.00493096202049359
5 118 128 0.39211239127154207 0.007887608728457951
5 122 124 0.39920208252189227 7.979174781077569E-4
5 124 125 0.39753464561755414 0.0024653543824458835
5 124 141 0.3958156171892878 0.004184382810712206
5 125 126 0.37422497059831744 0.02577502940168258
5 125 134 0.29994758242251046 0.10005241757748956
5 127 137 0.3980553128330334 0.0019446871669666077
5 129 137 0.39228753097096974 0.007712469029030278
5 129 138 0.3980879643208921 0.0019120356791079152
5 130 131 0.398768576455403 0.0012314235445970434
5 130 140 0.008353031926562065 0.39164696807343796
5 133 150 0.397433486526017 0.002566513473983012
5 138 147 0.3989633787046295 0.0010366212953705212
5 139 147 0.0034683002168727356 0.3965316997831273
5 139 149 0.39295105134738584 0.007048948652614184
5 143 144 0.36410817575912147 0.035891824240878556
5 147 149 0.39622415781750336 0.003775842182496658
6 1 82 0.0 0.4
6 2 83 0.0 0.4
6 3 84 0.0 0.4
6 4 85 0.0 0.4
6 4 93 0.3938689144318156 0.0061310855681844245
6 5 7 0.010800709943440612 0.3891992900565594
6 5 88 0.3991799406529004 8.200593470996109E-4
6 5 89 0.39504901621195476 0.00495098378804526
6 6 87 0.0 0.4
6 8 18 0.3817423910539432 0.018257608946056825
6 8 90 0.3557099337571242 0.04429006624287585
6 10 91 0.0 0.4
6 10 101 0.3937354693916596 0.006264530608340424
6 11 92 0.397992274235923 0.0020077257640770396
6 13 22 0.020770452039047184 0.3792295479609528
6 13 23 0.3968759649189066 0.0031240350810934348
6 13 121 0.39454584744246274 0.005454152557537284
6 14 93 0.3972411568616894 0.002758843138310596
6 15 24 0.3966682940728603 0.0033317059271397165
6 15 96 0.393161364488283 0.006838635511717039
6 15 97 0.39513836623512616 0.004861633764873863
6 16 26 0.007953517330186607 0.3920464826698134
6 16 33 0.39382617623135724 0.006173823768642783
6 16 126 0.39749433708248577 0.002505662917514251
6 17 18 0.3911147621087284 0.008885237891271602
6 17 25 0.005727589024235635 0.3942724109757644
6 17 43 0.39472771785386035 0.005272282146139673
6 17 90 0.39326639299378113 0.006733607006218889
6 17 105 0.3957334570356902 0.0042665429643098385
6 18 25 0.3942935833208022 0.005706416679197801
6 18 108 0.2382890827625049 0.16171091723749512
6 19 100 0.39703581207882027 0.0029641879211797506
6 19 101 0.008696673390618114 0.3913033266093819
6 20 30 0.010359773472091868 0.38964022652790814
6 20 102 0.3933260643570604 0.00667393564293961
6 20 110 0.3964927481464189 0.0035072518535811392
6 21 22 0.39875902347523484 0.0012409765247651805
6 21 103 0.39326863497139597 0.006731365028604053
6 22 112 0.3950537821787208 0.004946217821279242
6 22 121 0.3955934223754732 0.004406577624526842
6 23 104 0.3908065073035738 0.00919349269642622
6 24 95 0.399675031967835 3.2496803216502945E-4
6 24 104 0.033750171127052545 0.3662498288729475
6 25 43 0.39011805773218605 0.00988194226781397
6 25 90 0.3979322192812501 0.002067780718749912
6 25 105 0.39238280817899795 0.007617191821002067
6 26 33 0.3908915078785917 0.009108492121408296
6 28 100 0.004965373593355873 0.39503462640664416
6 28 109 0.3973779191921073 0.002622080807892724
6 29 39 0.3933378176372485 0.006662182362751512
6 29 120 0.3920981263380601 0.007901873661939895
6 31 40 0.00944925910704202 0.390550740892958
6 31 50 0.3920418985938975 0.007958101406102536
6 31 115 0.3933094869999994 0.00669051300000062
6 31 121 0.39536981886069866 0.004630181139301359
6 32 106 0.39230337230446577 0.007696627695534253
6 32 123 0.3911959612020676 0.0088040387979324
6 33 43 0.030087245694318705 0.3699127543056813
6 33 106 0.3911595515265251 0.008840448473474927
6 37 145 0.007132929084478405 0.39286707091552164
6 38 46 0.39592403498709117 0.004075965012908855
6 39 48 0.013249339782794505 0.3867506602172055
6 39 111 0.3928575272604785 0.00714247273952151
6 40 50 0.39579189252271424 0.004208107477285783
6 40 112 0.39573838834832514 0.004261611651674879
6 40 121 0.39110920975680974 0.008890790243190283
6 41 49 0.3993052446301155 6.947553698845033E-4
6 41 51 0.39031541847507545 0.009684581524924574
6 41 122 0.3914077183679824 0.00859228163201764
6 41 125 0.38847883700862074 0.011521162991379286
6 43 106 0.3971361741303212 0.0028638258696788155
6 43 108 0.3868610432102304 0.013138956789769618
6 46 127 0.39225610823360013 0.007743891766399891
6 46 128 0.010738290646728111 0.3892617093532719
6 47 56 0.3927547659301127 0.0072452340698873074
6 47 127 0.39600451529878367 0.003995484701216356
6 47 129 0.3945506499869963 0.005449350013003729
6 47 137 0.004733113776627939 0.3952668862233721
6 48 58 0.3940488582664161 0.005951141733583909
6 49 115 0.3918958835709615 0.008104116429038521
6 49 141 0.005955621916428122 0.3940443780835719
6 51 122 0.0079654636867309 0.3920345363132691
6 51 126 0.3952812000758065 0.004718799924193495
6 52 150 0.39005909110140585 0.00994090889859417
6 53 107 0.3919879154536588 0.008012084546341225
6 53 135 0.3906090602545315 0.009390939745468507
6 53 143 0.39365726200275436 0.006342737997245662
6 55 64 0.3226804058452812 0.07731959415471884
6 55 136 0.3854996645301952 0.014500335469804837
6 55 146 0.3875234791078846 0.012476520892115428
6 56 137 0.39695463443904744 0.0030453655609525843
6 56 145 0.39498505522573163 0.005014944774268393
6 56 146 0.3953591628265582 0.004640837173441825
6 57 59 0.3937721058046812 0.006227894195318828
6 57 67 0.39134430727813935 0.008655692721860675
6 57 133 0.39618474052933406 0.003815259470665966
6 59 132 0.39232965313893986 0.007670346861060162
6 60 67 0.391129034705701 0.008870965294299038
6 60 69 0.3910330009445803 0.0089669990554197
6 60 70 0.39148017494418014 0.008519825055819885
6 60 78 0.012015038062052124 0.3879849619379479
6 61 71 0.3741713088400023 0.025828691159997696
6 61 124 0.14186786538565244 0.2581321346143476
6 64 73 0.38549342520611574 0.014506574793884286
6 64 136 0.07033242871047182 0.32966757128952817
6 65 66 0.3843864392606422 0.015613560739357824
6 65 73 0.16458048013704446 0.23541951986295556
6 65 74 0.37861285883109397 0.021387141168906054
6 65 75 0.3841404671432669 0.01585953285673314
6 65 146 0.3912190451912341 0.008780954808765895
6 66 75 0.3495260905837635 0.05047390941623653
6 66 76 0.3756293523169275 0.02437064768307251
6 66 148 0.38712408398098336 0.012875916019016664
6 67 68 0.39382194062854564 0.006178059371454381
6 67 78 0.3971237432438942 0.0028762567561058106
6 68 69 0.3527062841025583 0.047293715897441746
6 68 113 0.3934706270713197 0.006529372928680333
6 70 78 0.39060700833094325 0.009392991669056772
6 70 79 0.38275431509420627 0.017245684905793757
6 70 80 0.33661357998616886 0.06338642001383116
6 71 80 0.382388331881812 0.01761166811818804
6 71 133 0.30309932654203614 0.09690067345796388
6 72 79 0.37921134942657925 0.020788650573420775
6 72 81 0.3101650153327513 0.08983498466724871
6 73 74 0.39306589030835326 0.0069341096916467615
6 74 146 0.015788952873427357 0.38421104712657267
6 76 113 0.3929587789552074 0.0070412210447926005
6 76 139 0.39332944784123547 0.006670552158764553
6 76 147 0.39204283763634834 0.007957162363651682
6 77 148 0.021139989113441775 0.37886001088655824
6 79 80 0.38687398400844275 0.013126015991557272
6 79 142 0.3896122816613741 0.010387718338625895
6 85 93 0.3938689144318156 0.0061310855681844245
6 86 93 0.009489527931938534 0.3905104720680615
6 88 89 0.005961596141962767 0.39403840385803723
6 88 90 0.3978262565502485 0.0021737434497515196
6 88 105 0.3997729325171702 2.2706748282980138E-4
6 89 105 0.39557389295760703 0.0044261070423929905
6 91 101 0.3937354693916596 0.006264530608340424
6 92 102 0.39476308238976177 0.005236917610238256
6 95 97 0.3941247007239944 0.005875299276005608
6 96 97 0.012848991795207779 0.38715100820479226
6 96 105 0.3949152065891829 0.005084793410817134
6 98 107 0.38697390751451616 0.013026092485483864
6 98 108 0.38152603945749647 0.018473960542503554
6 99 107 0.39266258192338677 0.007337418076613256
6 104 121 0.39388704469631985 0.006112955303680168
6 109 118 0.0051843785835157825 0.39481562141648424
6 109 128 0.396723600620969 0.003276399379031014
6 111 120 0.39695541063457035 0.003044589365429673
6 112 131 0.39371007230469934 0.006289927695300679
6 113 149 0.39591766853425453 0.004082331465745492
6 115 122 0.39536203564860195 0.004637964351398072
6 115 141 0.39506903797950643 0.00493096202049359
6 118 128 0.39211239127154207 0.007887608728457951
6 124 134 0.38643737598196776 0.013562624018032265
6 125 126 0.37422497059831744 0.02577502940168258
6 125 134 0.29994758242251046 0.10005241757748956
6 127 137 0.3980553128330334 0.0019446871669666077
6 129 137 0.39228753097096974 0.007712469029030278
6 129 138 0.3980879643208921 0.0019120356791079152
6 130 131 0.398768576455403 0.0012314235445970434
6 130 140 0.008353031926562065 0.39164696807343796
6 132 150 0.03435365290770113 0.3656463470922989
6 138 147 0.3989633787046295 0.0010366212953705212
6 139 147 0.0034683002168727356 0.3965316997831273
6 139 149 0.39295105134738584 0.007048948652614184
6 147 149 0.39622415781750336 0.003775842182496658
7 1 82 0.0 0.4
7 2 83 0.0 0.4
7 3 84 0.0 0.4
7 4 85 0.0 0.4
7 4 93 0.3938689144318156 0.0061310855681844245
7 5 7 0.010800709943440612 0.3891992900565594
7 5 25 0.3990557961849363 9.442038150637155E-4
7 5 88 0.3991799406529004 8.200593470996109E-4
7 6 87 0.0 0.4
7 8 17 0.39525081981751736 0.00474918018248266
7 8 25 0.3921851206229973 0.007814879377002704
7 8 88 0.3920504773410536 0.00794952265894644
7 8 89 0.3934693974873645 0.006530602512635542
7 8 90 0.006082443032482562 0.39391755696751746
7 10 91 0.0 0.4
7 10 101 0.3937354693916596 0.006264530608340424
7 11 92 0.397992274235923 0.0020077257640770396
7 13 22 0.020770452039047184 0.3792295479609528
7 13 23 0.3968759649189066 0.0031240350810934348
7 13 121 0.39454584744246274 0.005454152557537284
7 14 93 0.3972411568616894 0.002758843138310596
7 15 24 0.3966682940728603 0.0033317059271397165
7 15 97 0.39513836623512616 0.004861633764873863
7 16 33 0.39382617623135724 0.006173823768642783
7 16 51 0.39370344129031337 0.0062965587096866504
7 16 126 0.39749433708248577 0.002505662917514251
7 17 18 0.3911147621087284 0.008885237891271602
7 17 43 0.39472771785386035 0.005272282146139673
7 17 90 0.39326639299378113 0.006733607006218889
7 17 96 0.3985562601929593 0.0014437398070407115
7 17 105 0.3957334570356902 0.0042665429643098385
7 18 108 0.2382890827625049 0.16171091723749512
7 19 100 0.39703581207882027 0.0029641879211797506
7 19 101 0.008696673390618114 0.3913033266093819
7 20 30 0.010359773472091868 0.38964022652790814
7 20 102 0.3933260643570604 0.00667393564293961
7 20 110 0.3964927481464189 0.0035072518535811392
7 21 22 0.39875902347523484 0.0012409765247651805
7 21 103 0.39326863497139597 0.006731365028604053
7 22 112 0.3950537821787208 0.004946217821279242
7 22 121 0.3955934223754732 0.004406577624526842
7 23 104 0.3908065073035738 0.00919349269642622
7 24 95 0.399675031967835 3.2496803216502945E-4
7 24 104 0.033750171127052545 0.3662498288729475
7 25 88 0.001387911016650037 0.39861208898335
7 25 90 0.3979541939673203 0.002045806032679731
7 25 105 0.3983925973957862 0.0016074026042138256
7 28 100 0.004965373593355873 0.39503462640664416
7 28 109 0.3973779191921073 0.002622080807892724
7 29 39 0.3933378176372485 0.006662182362751512
7 29 120 0.3920981263380601 0.007901873661939895
7 31 40 0.395321129267356 0.004678870732644003
7 31 115 0.010546489229939483 0.3894535107700605
7 32 51 0.03688558644077252 0.3631144135592275
7 32 106 0.39230337230446577 0.007696627695534253
7 32 123 0.3911959612020676 0.0088040387979324
7 33 43 0.030087245694318705 0.3699127543056813
7 33 106 0.3911595515265251 0.008840448473474927
7 34 99 0.3951189681485476 0.004881031851452444
7 37 145 0.007132929084478405 0.39286707091552164
7 38 46 0.39592403498709117 0.004075965012908855
7 39 48 0.013249339782794505 0.3867506602172055
7 39 111 0.3928575272604785 0.00714247273952151
7 40 50 0.39579189252271424 0.004208107477285783
7 40 112 0.39573838834832514 0.004261611651674879
7 40 121 0.39110920975680974 0.008890790243190283
7 41 49 0.3993052446301155 6.947553698845033E-4
7 41 122 0.3914077183679824 0.00859228163201764
7 41 125 0.38847883700862074 0.011521162991379286
7 41 141 0.006888442457615364 0.39311155754238464
7 41 150 0.38929550983748284 0.010704490162517177
7 42 45 0.3985607574473613 0.0014392425526387198
7 43 106 0.3971361741303212 0.0028638258696788155
7 43 108 0.3868610432102304 0.013138956789769618
7 46 127 0.39225610823360013 0.007743891766399891
7 46 128 0.010738290646728111 0.3892617093532719
7 47 56 0.3927547659301127 0.0072452340698873074
7 47 127 0.39600451529878367 0.003995484701216356
7 47 129 0.3945506499869963 0.005449350013003729
7 47 137 0.004733113776627939 0.3952668862233721
7 48 58 0.3940488582664161 0.005951141733583909
7 49 115 0.3918958835709615 0.008104116429038521
7 49 141 0.39690936254961945 0.0030906374503805734
7 50 140 0.014963882695918931 0.3850361173040811
7 51 122 0.3936069775314258 0.006393022468574205
7 52 141 0.3949540622048952 0.005045937795104816
7 52 150 0.23074270892015988 0.16925729107984014
7 53 107 0.3919879154536588 0.008012084546341225
7 53 143 0.39422060193345126 0.005779398066548758
7 55 64 0.3226804058452812 0.07731959415471884
7 55 136 0.3854996645301952 0.014500335469804837
7 56 137 0.39695463443904744 0.0030453655609525843
7 56 145 0.39498505522573163 0.005014944774268393
7 57 59 0.3937721058046812 0.006227894195318828
7 57 67 0.39134430727813935 0.008655692721860675
7 57 113 0.006282527757741475 0.39371747224225856
7 57 133 0.39618474052933406 0.003815259470665966
7 59 113 0.3936817946246642 0.006318205375335839
7 59 132 0.39232965313893986 0.007670346861060162
7 59 140 0.3908855567003454 0.009114443299654607
7 60 67 0.391129034705701 0.008870965294299038
7 60 69 0.3910330009445803 0.0089669990554197
7 60 70 0.39148017494418014 0.008519825055819885
7 60 78 0.012015038062052124 0.3879849619379479
7 61 142 0.38957197186767145 0.01042802813232857
7 62 124 0.24927626906395622 0.1507237309360438
7 64 73 0.38549342520611574 0.014506574793884286
7 64 136 0.07033242871047182 0.32966757128952817
7 65 66 0.3843864392606422 0.015613560739357824
7 65 73 0.16458048013704446 0.23541951986295556
7 65 74 0.37861285883109397 0.021387141168906054
7 65 75 0.3841404671432669 0.01585953285673314
7 66 75 0.3495260905837635 0.05047390941623653
7 66 76 0.3756293523169275 0.02437064768307251
7 66 148 0.38712408398098336 0.012875916019016664
7 67 68 0.39382194062854564 0.006178059371454381
7 67 78 0.3971237432438942 0.0028762567561058106
7 67 113 0.39140461761229756 0.008595382387702466
7 68 69 0.3527062841025583 0.047293715897441746
7 68 139 0.39336459175098676 0.006635408249013264
7 70 78 0.39060700833094325 0.009392991669056772
7 70 79 0.38275431509420627 0.017245684905793757
7 70 80 0.33661357998616886 0.06338642001383116
7 71 80 0.382388331881812 0.01761166811818804
7 71 133 0.30309932654203614 0.09690067345796388
7 72 79 0.37921134942657925 0.020788650573420775
7 72 81 0.3101650153327513 0.08983498466724871
7 73 74 0.39306589030835326 0.0069341096916467615
7 75 146 0.39846492370237285 0.0015350762976271692
7 76 139 0.3932863722063477 0.00671362779365231
7 76 147 0.39204283763634834 0.007957162363651682
7 77 148 0.021139989113441775 0.37886001088655824
7 79 80 0.38687398400844275 0.013126015991557272
7 79 142 0.3896122816613741 0.010387718338625895
7 85 93 0.3938689144318156 0.0061310855681844245
7 86 93 0.009489527931938534 0.3905104720680615
7 88 90 0.3978262565502485 0.0021737434497515196
7 88 105 0.3997729325171702 2.2706748282980138E-4
7 89 90 0.3879995249379813 0.012000475062018734
7 91 101 0.3937354693916596 0.006264530608340424
7 92 102 0.39476308238976177 0.005236917610238256
7 95 97 0.3941247007239944 0.005875299276005608
7 96 105 0.007416205714480882 0.39258379428551915
7 98 107 0.38697390751451616 0.013026092485483864
7 98 108 0.38152603945749647 0.018473960542503554
7 104 121 0.39388704469631985 0.006112955303680168
7 109 118 0.0051843785835157825 0.39481562141648424
7 109 128 0.396723600620969 0.003276399379031014
7 111 120 0.39695541063457035 0.003044589365429673
7 112 131 0.39371007230469934 0.006289927695300679
7 113 133 0.3899156921687293 0.010084307831270733
7 114 135 0.3936347891426927 0.006365210857307346
7 115 122 0.39536203564860195 0.004637964351398072
7 118 128 0.39211239127154207 0.007887608728457951
7 122 141 0.39774829964582653 0.0022517003541734915
7 124 134 0.38050961337114825 0.019490386628851775
7 125 126 0.37422497059831744 0.02577502940168258
7 125 141 0.39139258369940894 0.008607416300591086
7 125 150 0.3890282146087295 0.010971785391270528
7 127 137 0.3980553128330334 0.0019446871669666077
7 129 137 0.39228753097096974 0.007712469029030278
7 129 138 0.3980879643208921 0.0019120356791079152
7 129 146 0.39995882755221435 4.1172447785675637E-5
7 130 131 0.398768576455403 0.0012314235445970434
7 134 143 0.3916472903872574 0.008352709612742648
7 134 150 0.38065085711361296 0.01934914288638706
7 138 146 0.002038076478226719 0.3979619235217733
7 138 147 0.3989633787046295 0.0010366212953705212
7 139 149 0.3958299502816127 0.004170049718387303
7 141 150 0.3853401585155311 0.014659841484468916
7 143 144 0.3953522737416277 0.004647726258372342
7 146 147 0.3980313752040353 0.001968624795964713
7 147 149 0.39622415781750336 0.003775842182496658
8 1 82 0.0 0.4
8 2 83 0.0 0.4
8 3 84 0.0 0.4
8 4 85 0.0 0.4
8 4 93 0.3938689144318156 0.0061310855681844245
8 5 7 0.010800709943440612 0.3891992900565594
8 5 25 0.3990557961849363 9.442038150637155E-4
8 5 88 0.3991799406529004 8.200593470996109E-4
8 6 87 0.0 0.4
8 8 17 0.39525081981751736 0.00474918018248266
8 8 25 0.3921851206229973 0.007814879377002704
8 8 88 0.3920504773410536 0.00794952265894644
8 8 89 0.3934693974873645 0.006530602512635542
8 8 90 0.006082443032482562 0.39391755696751746
8 10 91 0.0 0.4
8 10 101 0.3937354693916596 0.006264530608340424
8 11 92 0.397992274235923 0.0020077257640770396
8 13 22 0.020770452039047184 0.3792295479609528
8 13 23 0.3968759649189066 0.0031240350810934348
8 13 121 0.39454584744246274 0.005454152557537284
8 14 93 0.3972411568616894 0.002758843138310596
8 15 24 0.3966682940728603 0.0033317059271397165
8 15 97 0.39513836623512616 0.004861633764873863
8 16 33 0.39382617623135724 0.006173823768642783
8 16 41 0.38537196765285825 0.014628032347141773
8 16 51 0.39370344129031337 0.0062965587096866504
8 17 18 0.3911147621087284 0.008885237891271602
8 17 90 0.39326639299378113 0.006733607006218889
8 17 96 0.3985562601929593 0.0014437398070407115
8 18 108 0.2382890827625049 0.16171091723749512
8 19 100 0.39703581207882027 0.0029641879211797506
8 19 101 0.008696673390618114 0.3913033266093819
8 20 30 0.010359773472091868 0.38964022652790814
8 20 102 0.3933260643570604 0.00667393564293961
8 20 110 0.3964927481464189 0.0035072518535811392
8 21 22 0.39875902347523484 0.0012409765247651805
8 21 103 0.39326863497139597 0.006731365028604053
8 22 112 0.3950537821787208 0.004946217821279242
8 22 121 0.3955934223754732 0.004406577624526842
8 23 104 0.3908065073035738 0.00919349269642622
8 24 95 0.399675031967835 3.2496803216502945E-4
8 24 104 0.033750171127052545 0.3662498288729475
8 25 88 0.001387911016650037 0.39861208898335
8 25 90 0.3979541939673203 0.002045806032679731
8 26 98 0.34304524594256447 0.05695475405743555
8 28 100 0.004965373593355873 0.39503462640664416
8 28 109 0.3973779191921073 0.002622080807892724
8 29 39 0.3933378176372485 0.006662182362751512
8 29 120 0.3920981263380601 0.007901873661939895
8 31 41 0.3989938568325888 0.001006143167411211
8 31 51 0.3938349667752098 0.006165033224790228
8 31 122 0.02691772686007425 0.37308227313992576
8 32 51 0.03688558644077252 0.3631144135592275
8 32 106 0.39230337230446577 0.007696627695534253
8 32 123 0.3911959612020676 0.0088040387979324
8 33 105 0.3943032430624615 0.005696756937538516
8 33 106 0.3911595515265251 0.008840448473474927
8 34 117 0.3931097947243449 0.006890205275655148
8 37 145 0.007132929084478405 0.39286707091552164
8 38 46 0.39592403498709117 0.004075965012908855
8 39 48 0.013249339782794505 0.3867506602172055
8 39 111 0.3928575272604785 0.00714247273952151
8 40 112 0.39573838834832514 0.004261611651674879
8 40 121 0.39110920975680974 0.008890790243190283
8 41 141 0.38934008607855597 0.010659913921444053
8 43 98 0.37272426376081147 0.027275736239188553
8 43 108 0.38569384844913285 0.014306151550867174
8 46 47 0.3964208321381543 0.0035791678618457
8 46 127 0.39225610823360013 0.007743891766399891
8 46 128 0.010738290646728111 0.3892617093532719
8 47 127 0.007279011269655612 0.3927209887303444
8 48 58 0.3940488582664161 0.005951141733583909
8 49 50 0.39372503319302865 0.0062749668069713715
8 49 115 0.3918958835709615 0.008104116429038521
8 49 133 0.26792363839424443 0.1320763616057556
8 50 132 0.017796863646042802 0.3822031363539572
8 51 122 0.3936069775314258 0.006393022468574205
8 52 60 0.39454395334984765 0.0054560466501523686
8 52 133 0.374698136144075 0.025301863855925033
8 52 150 0.23074270892015988 0.16925729107984014
8 55 64 0.3907011794143899 0.009298820585610101
8 55 136 0.3854996645301952 0.014500335469804837
8 56 64 0.39129775925339727 0.008702240746602752
8 56 137 0.39695463443904744 0.0030453655609525843
8 56 145 0.39498505522573163 0.005014944774268393
8 57 59 0.3937721058046812 0.006227894195318828
8 57 67 0.39134430727813935 0.008655692721860675
8 58 138 0.3960910523434277 0.003908947656572348
8 59 132 0.39232965313893986 0.007670346861060162
8 59 140 0.3908855567003454 0.009114443299654607
8 60 61 0.3902464403590047 0.009753559640995335
8 61 142 0.38957197186767145 0.01042802813232857
8 62 71 0.3924080439802641 0.007591956019735946
8 62 124 0.24927626906395622 0.1507237309360438
8 64 65 0.3930084629984208 0.006991537001579229
8 64 74 0.015211010961269767 0.38478898903873027
8 65 66 0.3843864392606422 0.015613560739357824
8 65 73 0.16458048013704446 0.23541951986295556
8 65 74 0.37861285883109397 0.021387141168906054
8 65 75 0.3841404671432669 0.01585953285673314
8 66 75 0.3495260905837635 0.05047390941623653
8 66 76 0.3756293523169275 0.02437064768307251
8 66 148 0.38712408398098336 0.012875916019016664
8 67 68 0.39382194062854564 0.006178059371454381
8 67 78 0.3971237432438942 0.0028762567561058106
8 68 69 0.3527062841025583 0.047293715897441746
8 68 77 0.07633912614861393 0.3236608738513861
8 68 139 0.39336459175098676 0.006635408249013264
8 69 77 0.39469865814537547 0.005301341854624553
8 70 78 0.39060700833094325 0.009392991669056772
8 70 79 0.38275431509420627 0.017245684905793757
8 70 80 0.33661357998616886 0.06338642001383116
8 71 79 0.3946119119314221 0.005388088068577934
8 71 81 0.39282475320130344 0.007175246798696577
8 71 142 0.042045399922407564 0.35795460007759244
8 72 79 0.37921134942657925 0.020788650573420775
8 72 81 0.3101650153327513 0.08983498466724871
8 73 74 0.39306589030835326 0.0069341096916467615
8 75 146 0.39846492370237285 0.0015350762976271692
8 76 139 0.3932863722063477 0.00671362779365231
8 76 147 0.39204283763634834 0.007957162363651682
8 79 80 0.38687398400844275 0.013126015991557272
8 79 142 0.3896122816613741 0.010387718338625895
8 85 93 0.3938689144318156 0.0061310855681844245
8 86 93 0.009489527931938534 0.3905104720680615
8 88 90 0.3978262565502485 0.0021737434497515196
8 89 90 0.3879995249379813 0.012000475062018734
8 91 101 0.3937354693916596 0.006264530608340424
8 92 102 0.39476308238976177 0.005236917610238256
8 95 97 0.3941247007239944 0.005875299276005608
8 96 105 0.39610821613431585 0.003891783865684173
8 104 121 0.39388704469631985 0.006112955303680168
8 105 106 0.01094149264463319 0.38905850735536684
8 107 126 0.389906960017209 0.010093039982791041
8 107 134 0.3911643689702142 0.008835631029785795
8 109 118 0.0051843785835157825 0.39481562141648424
8 109 128 0.396723600620969 0.003276399379031014
8 111 120 0.39695541063457035 0.003044589365429673
8 112 131 0.39371007230469934 0.006289927695300679
8 115 122 0.39536203564860195 0.004637964351398072
8 118 128 0.39211239127154207 0.007887608728457951
8 124 134 0.38050961337114825 0.019490386628851775
8 127 137 0.3980553128330334 0.0019446871669666077
8 129 137 0.39228753097096974 0.007712469029030278
8 129 146 0.39995882755221435 4.1172447785675637E-5
8 130 131 0.398768576455403 0.0012314235445970434
8 134 141 0.39078452197240765 0.009215478027592372
8 134 150 0.38065085711361296 0.01934914288638706
8 138 147 0.016308565482120053 0.38369143451787996
8 138 149 0.3930513951047024 0.006948604895297639
8 139 149 0.3958299502816127 0.004170049718387303
8 146 147 0.3980313752040353 0.001968624795964713
8 147 149 0.39622415781750336 0.003775842182496658
9 1 82 0.0 0.4
9 2 83 0.0 0.4
9 3 84 0.0 0.4
9 4 85 0.0 0.4
9 4 93 0.3938689144318156 0.0061310855681844245
9 5 7 0.010800709943440612 0.3891992900565594
9 5 25 0.3990557961849363 9.442038150637155E-4
9 5 88 0.3991799406529004 8.200593470996109E-4
9 6 87 0.0 0.4
9 8 89 0.02838491486989897 0.37161508513010105
9 8 90 0.3906292617007026 0.00937073829929741
9 10 91 0.0 0.4
9 10 101 0.3937354693916596 0.006264530608340424
9 11 92 0.397992274235923 0.0020077257640770396
9 13 40 0.3927406201409259 0.0072593798590741
9 13 104 0.39328841176858537 0.006711588231414656
9 13 121 0.39416124174816286 0.005838758251837162
9 13 123 0.39453917066340766 0.0054608293365923655
9 14 93 0.3972411568616894 0.002758843138310596
9 15 24 0.3966682940728603 0.0033317059271397165
9 15 97 0.39513836623512616 0.004861633764873863
9 16 33 0.39382617623135724 0.006173823768642783
9 16 41 0.38691197824416396 0.013088021755836066
9 16 51 0.38855684091795323 0.011443159082046794
9 17 18 0.3911147621087284 0.008885237891271602
9 17 90 0.39326639299378113 0.006733607006218889
9 17 96 0.3985562601929593 0.0014437398070407115
9 17 106 0.02630051354569152 0.3736994864543085
9 18 106 0.39393840941558766 0.006061590584412357
9 18 108 0.2382890827625049 0.16171091723749512
9 19 100 0.39703581207882027 0.0029641879211797506
9 19 101 0.008696673390618114 0.3913033266093819
9 20 30 0.010359773472091868 0.38964022652790814
9 20 102 0.3933260643570604 0.00667393564293961
9 20 110 0.3964927481464189 0.0035072518535811392
9 21 22 0.39875902347523484 0.0012409765247651805
9 21 103 0.39326863497139597 0.006731365028604053
9 22 104 0.02163865620673025 0.3783613437932698
9 22 112 0.3950537821787208 0.004946217821279242
9 24 95 0.399675031967835 3.2496803216502945E-4
9 25 88 0.001387911016650037 0.39861208898335
9 25 90 0.3979541939673203 0.002045806032679731
9 28 100 0.004965373593355873 0.39503462640664416
9 28 109 0.3973779191921073 0.002622080807892724
9 29 39 0.3933378176372485 0.006662182362751512
9 29 120 0.3920981263380601 0.007901873661939895
9 31 132 0.38477635345653133 0.015223646543468694
9 32 121 0.3915482747251743 0.008451725274825739
9 32 123 0.3911959612020676 0.0088040387979324
9 33 105 0.3943032430624615 0.005696756937538516
9 33 106 0.39817887241152716 0.0018211275884728595
9 37 55 0.3863025738355259 0.013697426164474114
9 37 73 0.3915551256092083 0.008444874390791723
9 37 136 0.009098733962728627 0.3909012660372714
9 38 46 0.39592403498709117 0.004075965012908855
9 39 48 0.013249339782794505 0.3867506602172055
9 39 111 0.3928575272604785 0.00714247273952151
9 40 112 0.39573838834832514 0.004261611651674879
9 41 98 0.3975271270195184 0.0024728729804815996
9 41 108 0.39878549109147754 0.0012145089085224825
9 41 122 0.38653587674746664 0.013464123252533378
9 43 98 0.3784188468218628 0.021581153178137247
9 45 114 0.3939005888031841 0.006099411196815896
9 46 127 0.39225610823360013 0.007743891766399891
9 46 128 0.010738290646728111 0.3892617093532719
9 47 56 0.3973242754213442 0.002675724578655836
9 47 127 0.3962288119239855 0.003771188076014509
9 47 145 0.01570696120814024 0.3842930387918598
9 48 58 0.3940488582664161 0.005951141733583909
9 49 115 0.3821884526830944 0.017811547316905596
9 49 133 0.37180887110515887 0.028191128894841155
9 49 140 0.3177288273738266 0.08227117262617345
9 51 125 0.39825099093773975 0.001749009062260276
9 51 141 0.3862162274434104 0.013783772556589635
9 52 60 0.39454395334984765 0.0054560466501523686
9 52 133 0.374698136144075 0.025301863855925033
9 52 150 0.23074270892015988 0.16925729107984014
9 53 124 0.3875571113677712 0.01244288863222881
9 55 64 0.3907011794143899 0.009298820585610101
9 55 74 0.014775450422541818 0.3852245495774582
9 55 136 0.3854996645301952 0.014500335469804837
9 56 64 0.39129775925339727 0.008702240746602752
9 56 137 0.39695463443904744 0.0030453655609525843
9 56 145 0.39498505522573163 0.005014944774268393
9 57 59 0.3937721058046812 0.006227894195318828
9 57 67 0.39134430727813935 0.008655692721860675
9 58 138 0.3960910523434277 0.003908947656572348
9 59 140 0.3908855567003454 0.009114443299654607
9 60 61 0.3902464403590047 0.009753559640995335
9 61 142 0.38957197186767145 0.01042802813232857
9 62 71 0.3924080439802641 0.007591956019735946
9 64 65 0.3930084629984208 0.006991537001579229
9 64 74 0.39708039434209386 0.0029196056579061658
9 65 66 0.3843864392606422 0.015613560739357824
9 65 73 0.16458048013704446 0.23541951986295556
9 65 75 0.3841404671432669 0.01585953285673314
9 66 75 0.3495260905837635 0.05047390941623653
9 66 76 0.3756293523169275 0.02437064768307251
9 66 148 0.38712408398098336 0.012875916019016664
9 67 78 0.3971237432438942 0.0028762567561058106
9 68 70 0.10548795092385028 0.29451204907614975
9 68 78 0.3896203680590896 0.010379631940910405
9 69 77 0.39469865814537547 0.005301341854624553
9 70 78 0.39060700833094325 0.009392991669056772
9 70 79 0.38275431509420627 0.017245684905793757
9 70 80 0.33661357998616886 0.06338642001383116
9 71 79 0.3946119119314221 0.005388088068577934
9 71 81 0.39282475320130344 0.007175246798696577
9 71 142 0.042045399922407564 0.35795460007759244
9 72 79 0.37921134942657925 0.020788650573420775
9 72 81 0.3101650153327513 0.08983498466724871
9 74 136 0.3993895813076211 6.104186923789334E-4
9 74 145 0.3971634036471315 0.0028365963528685367
9 75 146 0.39846492370237285 0.0015350762976271692
9 76 139 0.3932863722063477 0.00671362779365231
9 77 147 0.39767330558456454 0.002326694415435482
9 79 80 0.38687398400844275 0.013126015991557272
9 79 142 0.3896122816613741 0.010387718338625895
9 85 93 0.3938689144318156 0.0061310855681844245
9 86 93 0.009489527931938534 0.3905104720680615
9 88 90 0.3978262565502485 0.0021737434497515196
9 89 90 0.3879995249379813 0.012000475062018734
9 91 101 0.3937354693916596 0.006264530608340424
9 92 102 0.39476308238976177 0.005236917610238256
9 95 97 0.3941247007239944 0.005875299276005608
9 96 105 0.39610821613431585 0.003891783865684173
9 96 106 0.39574563555748304 0.004254364442516978
9 107 124 0.39940295681016647 5.970431898335571E-4
9 107 134 0.3911643689702142 0.008835631029785795
9 109 118 0.0051843785835157825 0.39481562141648424
9 109 128 0.396723600620969 0.003276399379031014
9 111 120 0.39695541063457035 0.003044589365429673
9 112 131 0.39371007230469934 0.006289927695300679
9 118 128 0.39211239127154207 0.007887608728457951
9 121 123 6.576465026722888E-4 0.3993423534973277
9 122 125 0.060149738692675925 0.3398502613073241
9 124 134 0.3691065250710329 0.030893474928967102
9 127 137 0.3980553128330334 0.0019446871669666077
9 129 137 0.39228753097096974 0.007712469029030278
9 129 146 0.39995882755221435 4.1172447785675637E-5
9 130 131 0.398768576455403 0.0012314235445970434
9 132 133 0.16495544166251597 0.23504455833748406
9 132 150 0.38407343196696125 0.015926568033038768
9 134 141 0.39078452197240765 0.009215478027592372
9 134 150 0.38065085711361296 0.01934914288638706
9 135 143 0.39712280196172983 0.00287719803827019
9 138 149 0.3930513951047024 0.006948604895297639
9 139 147 0.027008823368851083 0.37299117663114895
9 139 149 0.3958299502816127 0.004170049718387303
10 1 82 0.0 0.4
10 2 83 0.0 0.4
10 3 84 0.0 0.4
10 4 85 0.0 0.4
10 4 93 0.3938689144318156 0.0061310855681844245
10 5 7 0.010800709943440612 0.3891992900565594
10 5 25 0.3990557961849363 9.442038150637155E-4
10 5 88 0.3991799406529004 8.200593470996109E-4
10 6 87 0.0 0.4
10 8 89 0.02838491486989897 0.37161508513010105
10 8 90 0.3906292617007026 0.00937073829929741
10 10 91 0.0 0.4
10 10 101 0.3937354693916596 0.006264530608340424
10 11 92 0.397992274235923 0.0020077257640770396
10 13 40 0.3927406201409259 0.0072593798590741
10 13 104 0.39328841176858537 0.006711588231414656
10 13 121 0.39416124174816286 0.005838758251837162
10 14 93 0.3972411568616894 0.002758843138310596
10 15 24 0.3966682940728603 0.0033317059271397165
10 15 97 0.39513836623512616 0.004861633764873863
10 16 33 0.39382617623135724 0.006173823768642783
10 16 41 0.38691197824416396 0.013088021755836066
10 16 51 0.38855684091795323 0.011443159082046794
10 16 123 0.3957600512434335 0.004239948756566525
10 17 18 0.3911147621087284 0.008885237891271602
10 17 90 0.39326639299378113 0.006733607006218889
10 17 96 0.3985562601929593 0.0014437398070407115
10 17 106 0.02630051354569152 0.3736994864543085
10 18 106 0.39393840941558766 0.006061590584412357
10 18 108 0.2382890827625049 0.16171091723749512
10 19 100 0.39703581207882027 0.0029641879211797506
10 19 101 0.008696673390618114 0.3913033266093819
10 20 21 0.02138014970164851 0.3786198502983515
10 20 30 0.39371345378557476 0.006286546214425259
10 21 22 0.39875902347523484 0.0012409765247651805
10 21 103 0.39326863497139597 0.006731365028604053
10 22 104 0.02163865620673025 0.3783613437932698
10 22 112 0.3950537821787208 0.004946217821279242
10 24 95 0.399675031967835 3.2496803216502945E-4
10 25 88 0.001387911016650037 0.39861208898335
10 25 90 0.3979541939673203 0.002045806032679731
10 28 100 0.004965373593355873 0.39503462640664416
10 28 109 0.3973779191921073 0.002622080807892724
10 29 120 0.3920981263380601 0.007901873661939895
10 31 123 0.3938559584016562 0.006144041598343808
10 31 132 0.3857063052517288 0.014293694748271246
10 32 121 0.3915482747251743 0.008451725274825739
10 32 123 0.035213578492898495 0.3647864215071015
10 33 105 0.3943032430624615 0.005696756937538516
10 33 106 0.39817887241152716 0.0018211275884728595
10 37 55 0.3863025738355259 0.013697426164474114
10 37 73 0.3915551256092083 0.008444874390791723
10 37 136 0.009098733962728627 0.3909012660372714
10 39 112 0.3997186894685914 2.813105314086184E-4
10 39 130 0.39268462307834723 0.007315376921652794
10 40 112 0.39573838834832514 0.004261611651674879
10 41 98 0.3975271270195184 0.0024728729804815996
10 41 108 0.39878549109147754 0.0012145089085224825
10 43 98 0.3784188468218628 0.021581153178137247
10 46 127 0.00877875395879891 0.3912212460412011
10 46 128 0.3934795240695807 0.006520475930419323
10 46 137 0.3979476990483767 0.0020523009516233426
10 47 56 0.3973242754213442 0.002675724578655836
10 47 127 0.3962288119239855 0.003771188076014509
10 47 145 0.01570696120814024 0.3842930387918598
10 48 58 0.3940488582664161 0.005951141733583909
10 49 115 0.3821884526830944 0.017811547316905596
10 49 133 0.37180887110515887 0.028191128894841155
10 49 140 0.3177288273738266 0.08227117262617345
10 50 52 0.2674097952659188 0.13259020473408123
10 51 141 0.3862162274434104 0.013783772556589635
10 52 60 0.3805799835095084 0.01942001649049163
10 52 133 0.3854050689141667 0.014594931085833318
10 52 150 0.3798012235102884 0.020198776489711634
10 53 124 0.3875571113677712 0.01244288863222881
10 55 64 0.3907011794143899 0.009298820585610101
10 55 74 0.014775450422541818 0.3852245495774582
10 55 136 0.3854996645301952 0.014500335469804837
10 56 64 0.39129775925339727 0.008702240746602752
10 56 137 0.39695463443904744 0.0030453655609525843
10 56 145 0.39498505522573163 0.005014944774268393
10 57 59 0.3937721058046812 0.006227894195318828
10 57 67 0.39134430727813935 0.008655692721860675
10 57 131 0.3963795215782015 0.003620478421798523
10 58 138 0.3960910523434277 0.003908947656572348
10 59 131 0.007554524999870423 0.3924454750001296
10 59 140 0.3908855567003454 0.009114443299654607
10 60 61 0.3902464403590047 0.009753559640995335
10 62 71 0.3924080439802641 0.007591956019735946
10 64 65 0.3930084629984208 0.006991537001579229
10 64 74 0.39708039434209386 0.0029196056579061658
10 65 66 0.3843864392606422 0.015613560739357824
10 65 73 0.16458048013704446 0.23541951986295556
10 65 75 0.3841404671432669 0.01585953285673314
10 66 75 0.3495260905837635 0.05047390941623653
10 66 76 0.3756293523169275 0.02437064768307251
10 66 148 0.38712408398098336 0.012875916019016664
10 67 78 0.3971237432438942 0.0028762567561058106
10 68 78 0.3896203680590896 0.010379631940910405
10 69 77 0.39469865814537547 0.005301341854624553
10 69 147 0.011187267034518365 0.38881273296548163
10 70 79 0.3929688408546127 0.007031159145387322
10 70 80 0.006197896534367442 0.3938021034656326
10 71 79 0.3946119119314221 0.005388088068577934
10 71 81 0.39282475320130344 0.007175246798696577
10 72 79 0.37921134942657925 0.020788650573420775
10 72 81 0.3101650153327513 0.08983498466724871
10 74 136 0.3993895813076211 6.104186923789334E-4
10 74 145 0.3971634036471315 0.0028365963528685367
10 75 146 0.39846492370237285 0.0015350762976271692
10 76 139 0.3932863722063477 0.00671362779365231
10 78 147 0.3963237308501309 0.003676269149869127
10 79 80 0.38687398400844275 0.013126015991557272
10 85 93 0.3938689144318156 0.0061310855681844245
10 86 93 0.009489527931938534 0.3905104720680615
10 88 90 0.3978262565502485 0.0021737434497515196
10 89 90 0.3879995249379813 0.012000475062018734
10 91 101 0.3937354693916596 0.006264530608340424
10 92 102 0.39476308238976177 0.005236917610238256
10 95 97 0.3941247007239944 0.005875299276005608
10 96 105 0.39610821613431585 0.003891783865684173
10 96 106 0.39574563555748304 0.004254364442516978
10 107 134 0.39788987454856556 0.0021101254514344636
10 109 118 0.0051843785835157825 0.39481562141648424
10 109 128 0.396723600620969 0.003276399379031014
10 111 120 0.39695541063457035 0.003044589365429673
10 118 128 0.39211239127154207 0.007887608728457951
10 122 125 0.393892724519197 0.006107275480803032
10 124 142 0.3755859404690725 0.024414059530927512
10 127 137 0.3980553128330334 0.0019446871669666077
10 129 137 0.39228753097096974 0.007712469029030278
10 129 146 0.39995882755221435 4.1172447785675637E-5
10 130 131 0.39375162779938744 0.006248372200612584
10 131 140 0.3882393292772233 0.0117606707227767
10 132 133 0.3826151084745344 0.01738489152546563
10 132 141 0.23509822810418826 0.16490177189581176
10 132 150 0.3940928253973878 0.005907174602612197
10 138 149 0.3930513951047024 0.006948604895297639
10 139 149 0.3958299502816127 0.004170049718387303
10 141 142 0.3810717877016204 0.0189282122983796
10 142 150 0.37817006054945584 0.021829939450544178
11 1 82 0.0 0.4
11 2 83 0.0 0.4
11 3 84 0.0 0.4
11 4 85 0.0 0.4
11 4 93 0.3938689144318156 0.0061310855681844245
11 5 8 0.39628468871867223 0.0037153112813277933
11 5 25 0.39203116910011687 0.00796883089988315
11 5 88 0.3918850186784694 0.008114981321530601
11 5 89 0.39324379095809936 0.006756209041900663
11 6 87 0.0 0.4
11 8 89 0.02838491486989897 0.37161508513010105
11 10 91 0.0 0.4
11 10 101 0.3937354693916596 0.006264530608340424
11 11 92 0.397992274235923 0.0020077257640770396
11 13 40 0.3927406201409259 0.0072593798590741
11 13 104 0.020529001542440244 0.37947099845755977
11 13 121 0.39416124174816286 0.005838758251837162
11 14 93 0.3972411568616894 0.002758843138310596
11 15 24 0.3966682940728603 0.0033317059271397165
11 15 97 0.39513836623512616 0.004861633764873863
11 16 17 0.3950097566107513 0.00499024338924875
11 16 32 0.3922346055853572 0.007765394414642801
11 16 33 0.39382617623135724 0.006173823768642783
11 16 51 0.38855684091795323 0.011443159082046794
11 16 123 0.3957600512434335 0.004239948756566525
11 17 33 0.001793034426050893 0.39820696557394913
11 17 105 0.3955289765639164 0.004471023436083632
11 17 106 0.39693073265072326 0.003069267349276761
11 17 108 0.39182626280289157 0.008173737197108455
11 18 90 0.01642826801505035 0.38357173198494965
11 18 106 0.39393840941558766 0.006061590584412357
11 18 108 0.39778257816139007 0.0022174218386099565
11 19 100 0.39703581207882027 0.0029641879211797506
11 19 101 0.008696673390618114 0.3913033266093819
11 20 21 0.3961302337055744 0.0038697662944256472
11 20 111 0.026012991978558837 0.3739870080214412
11 21 22 0.39875902347523484 0.0012409765247651805
11 21 103 0.39326863497139597 0.006731365028604053
11 22 104 0.3994664484829992 5.335515170007965E-4
11 22 112 0.3950537821787208 0.004946217821279242
11 24 95 0.399675031967835 3.2496803216502945E-4
11 25 88 0.001387911016650037 0.39861208898335
11 26 107 0.39457327428691313 0.0054267257130868884
11 28 100 0.004965373593355873 0.39503462640664416
11 28 109 0.3973779191921073 0.002622080807892724
11 29 120 0.3920981263380601 0.007901873661939895
11 31 123 0.3938559584016562 0.006144041598343808
11 31 132 0.3857063052517288 0.014293694748271246
11 32 51 0.07692495062743951 0.3230750493725605
11 32 122 0.39723590900628347 0.0027640909937165503
11 32 141 0.3768715392122921 0.023128460787707916
11 33 105 0.3943032430624615 0.005696756937538516
11 33 106 0.39817887241152716 0.0018211275884728595
11 33 108 0.39314053467053506 0.006859465329464964
11 37 55 0.3863025738355259 0.013697426164474114
11 37 73 0.3915551256092083 0.008444874390791723
11 37 136 0.009098733962728627 0.3909012660372714
11 39 112 0.3997186894685914 2.813105314086184E-4
11 39 130 0.39268462307834723 0.007315376921652794
11 40 112 0.39573838834832514 0.004261611651674879
11 41 98 0.39065358231814834 0.009346417681851682
11 46 127 0.00877875395879891 0.3912212460412011
11 46 128 0.3934795240695807 0.006520475930419323
11 46 137 0.3979476990483767 0.0020523009516233426
11 47 56 0.3973242754213442 0.002675724578655836
11 47 127 0.3962288119239855 0.003771188076014509
11 47 145 0.01570696120814024 0.3842930387918598
11 48 58 0.3940488582664161 0.005951141733583909
11 49 50 0.3800877874747074 0.019912212525292627
11 49 133 0.3716883500759495 0.028311649924050497
11 49 140 0.32465428364601884 0.07534571635398118
11 50 52 0.2992156569159926 0.10078434308400741
11 50 59 0.37604559774287377 0.02395440225712625
11 50 113 0.3818533035506884 0.018146696449311606
11 50 131 0.38350437271187304 0.01649562728812698
11 51 141 0.3861285683982607 0.013871431601739315
11 52 60 0.3805799835095084 0.01942001649049163
11 52 133 0.3854050689141667 0.014594931085833318
11 52 150 0.3798012235102884 0.020198776489711634
11 53 62 0.3920786092342419 0.007921390765758096
11 55 64 0.3907011794143899 0.009298820585610101
11 55 74 0.014775450422541818 0.3852245495774582
11 55 136 0.3854996645301952 0.014500335469804837
11 56 64 0.39129775925339727 0.008702240746602752
11 56 137 0.39695463443904744 0.0030453655609525843
11 56 145 0.39498505522573163 0.005014944774268393
11 57 59 0.3937721058046812 0.006227894195318828
11 57 67 0.39134430727813935 0.008655692721860675
11 57 131 0.3963795215782015 0.003620478421798523
11 58 138 0.3960910523434277 0.003908947656572348
11 59 131 0.007554524999870423 0.3924454750001296
11 59 140 0.3908855567003454 0.009114443299654607
11 60 61 0.3902464403590047 0.009753559640995335
11 62 124 0.38859284961688256 0.01140715038311746
11 64 65 0.3930084629984208 0.006991537001579229
11 64 74 0.39708039434209386 0.0029196056579061658
11 65 66 0.3843864392606422 0.015613560739357824
11 65 73 0.16458048013704446 0.23541951986295556
11 65 75 0.3841404671432669 0.01585953285673314
11 66 75 0.3495260905837635 0.05047390941623653
11 66 76 0.3756293523169275 0.02437064768307251
11 66 148 0.38712408398098336 0.012875916019016664
11 67 78 0.3971237432438942 0.0028762567561058106
11 68 78 0.3896203680590896 0.010379631940910405
11 68 80 0.3998783651046423 1.2163489535771399E-4
11 69 77 0.39469865814537547 0.005301341854624553
11 69 147 0.011187267034518365 0.38881273296548163
11 71 72 0.3930990288417206 0.006900971158279423
11 71 81 0.39282475320130344 0.007175246798696577
11 74 136 0.3993895813076211 6.104186923789334E-4
11 74 145 0.3971634036471315 0.0028365963528685367
11 75 146 0.39846492370237285 0.0015350762976271692
11 76 139 0.3932863722063477 0.00671362779365231
11 78 147 0.3963237308501309 0.003676269149869127
11 79 80 0.009225169164231916 0.3907748308357681
11 85 93 0.3938689144318156 0.0061310855681844245
11 86 93 0.009489527931938534 0.3905104720680615
11 90 106 0.39411867188843064 0.005881328111569384
11 91 101 0.3937354693916596 0.006264530608340424
11 92 102 0.39476308238976177 0.005236917610238256
11 95 97 0.3941247007239944 0.005875299276005608
11 96 105 0.39610821613431585 0.003891783865684173
11 96 106 0.39574563555748304 0.004254364442516978
11 109 118 0.0051843785835157825 0.39481562141648424
11 109 128 0.396723600620969 0.003276399379031014
11 111 120 0.39695541063457035 0.003044589365429673
11 118 128 0.39211239127154207 0.007887608728457951
11 124 142 0.3755859404690725 0.024414059530927512
11 127 137 0.3980553128330334 0.0019446871669666077
11 129 137 0.39228753097096974 0.007712469029030278
11 129 146 0.39995882755221435 4.1172447785675637E-5
11 130 131 0.39375162779938744 0.006248372200612584
11 131 140 0.3882393292772233 0.0117606707227767
11 132 133 0.3826151084745344 0.01738489152546563
11 132 141 0.3735528793502696 0.026447120649730427
11 132 150 0.3940928253973878 0.005907174602612197
11 134 141 0.3655352099667025 0.0344647900332975
11 138 149 0.3930513951047024 0.006948604895297639
11 139 149 0.3958299502816127 0.004170049718387303
11 141 142 0.38539743626254175 0.014602563737458274
11 142 150 0.37817006054945584 0.021829939450544178
12 1 82 0.0 0.4
12 2 83 0.0 0.4
12 3 84 0.0 0.4
12 4 85 0.0 0.4
12 4 93 0.3938689144318156 0.0061310855681844245
12 5 8 0.39628468871867223 0.0037153112813277933
12 5 25 0.39203116910011687 0.00796883089988315
12 5 88 0.3918850186784694 0.008114981321530601
12 5 89 0.39324379095809936 0.006756209041900663
12 6 87 0.0 0.4
12 8 89 0.02838491486989897 0.37161508513010105
12 10 91 0.0 0.4
12 10 101 0.3937354693916596 0.006264530608340424
12 11 92 0.397992274235923 0.0020077257640770396
12 13 40 0.3927406201409259 0.0072593798590741
12 13 104 0.39888604304233855 0.0011139569576614772
12 13 121 0.39416124174816286 0.005838758251837162
12 14 93 0.3972411568616894 0.002758843138310596
12 15 24 0.3966682940728603 0.0033317059271397165
12 15 97 0.39513836623512616 0.004861633764873863
12 15 104 0.3940450565548042 0.005954943445195815
12 16 32 0.3928983521514725 0.007101647848527515
12 16 122 0.3900325630196834 0.009967436980316602
12 17 33 0.001793034426050893 0.39820696557394913
12 17 51 0.39480596875234725 0.005194031247652775
12 17 105 0.3955289765639164 0.004471023436083632
12 17 106 0.39693073265072326 0.003069267349276761
12 17 108 0.39182626280289157 0.008173737197108455
12 18 41 0.39473306021441784 0.005266939785582181
12 18 98 0.015846047097776775 0.38415395290222326
12 18 125 0.3928234568939038 0.007176543106096223
12 19 100 0.39703581207882027 0.0029641879211797506
12 19 101 0.008696673390618114 0.3913033266093819
12 20 21 0.3961302337055744 0.0038697662944256472
12 20 111 0.026012991978558837 0.3739870080214412
12 21 22 0.39875902347523484 0.0012409765247651805
12 21 103 0.39326863497139597 0.006731365028604053
12 22 112 0.3950537821787208 0.004946217821279242
12 24 95 0.399675031967835 3.2496803216502945E-4
12 25 88 0.001387911016650037 0.39861208898335
12 28 100 0.004965373593355873 0.39503462640664416
12 28 109 0.3973779191921073 0.002622080807892724
12 29 120 0.3920981263380601 0.007901873661939895
12 31 123 0.3938559584016562 0.006144041598343808
12 31 132 0.3857063052517288 0.014293694748271246
12 32 51 0.3931968977761349 0.0068031022238650984
12 32 141 0.3768715392122921 0.023128460787707916
12 33 51 0.39361283335402825 0.006387166645971776
12 33 105 0.3943032430624615 0.005696756937538516
12 33 106 0.39817887241152716 0.0018211275884728595
12 33 108 0.39314053467053506 0.006859465329464964
12 37 55 0.3863025738355259 0.013697426164474114
12 37 73 0.3915551256092083 0.008444874390791723
12 37 136 0.009098733962728627 0.3909012660372714
12 39 112 0.3997186894685914 2.813105314086184E-4
12 39 130 0.39268462307834723 0.007315376921652794
12 40 112 0.39573838834832514 0.004261611651674879
12 41 98 0.39065358231814834 0.009346417681851682
12 42 99 0.39331626041045775 0.00668373958954227
12 46 127 0.00877875395879891 0.3912212460412011
12 46 128 0.3934795240695807 0.006520475930419323
12 46 137 0.3979476990483767 0.0020523009516233426
12 47 56 0.3973242754213442 0.002675724578655836
12 47 127 0.3962288119239855 0.003771188076014509
12 47 145 0.01570696120814024 0.3842930387918598
12 48 58 0.3940488582664161 0.005951141733583909
12 49 50 0.3800877874747074 0.019912212525292627
12 49 131 0.3897068185735207 0.010293181426479336
12 49 133 0.3716883500759495 0.028311649924050497
12 49 140 0.32465428364601884 0.07534571635398118
12 50 52 0.2992156569159926 0.10078434308400741
12 50 59 0.37604559774287377 0.02395440225712625
12 50 113 0.3818533035506884 0.018146696449311606
12 51 123 0.39295071536364745 0.007049284636352571
12 52 60 0.3805799835095084 0.01942001649049163
12 52 133 0.3854050689141667 0.014594931085833318
12 52 150 0.3798012235102884 0.020198776489711634
12 53 62 0.3920786092342419 0.007921390765758096
12 55 64 0.3907011794143899 0.009298820585610101
12 55 74 0.014775450422541818 0.3852245495774582
12 55 136 0.3854996645301952 0.014500335469804837
12 56 64 0.39129775925339727 0.008702240746602752
12 56 137 0.39695463443904744 0.0030453655609525843
12 56 145 0.39498505522573163 0.005014944774268393
12 57 59 0.3937721058046812 0.006227894195318828
12 57 67 0.39134430727813935 0.008655692721860675
12 58 138 0.3960910523434277 0.003908947656572348
12 59 140 0.3908855567003454 0.009114443299654607
12 60 61 0.3902464403590047 0.009753559640995335
12 62 124 0.38859284961688256 0.01140715038311746
12 64 65 0.3930084629984208 0.006991537001579229
12 64 74 0.39708039434209386 0.0029196056579061658
12 65 66 0.3843864392606422 0.015613560739357824
12 65 73 0.16458048013704446 0.23541951986295556
12 65 75 0.3841404671432669 0.01585953285673314
12 66 75 0.3495260905837635 0.05047390941623653
12 66 76 0.3756293523169275 0.02437064768307251
12 66 148 0.38712408398098336 0.012875916019016664
12 67 78 0.3971237432438942 0.0028762567561058106
12 68 78 0.3896203680590896 0.010379631940910405
12 68 80 0.3998783651046423 1.2163489535771399E-4
12 69 77 0.39469865814537547 0.005301341854624553
12 69 147 0.011187267034518365 0.38881273296548163
12 71 72 0.3930990288417206 0.006900971158279423
12 71 81 0.39282475320130344 0.007175246798696577
12 74 136 0.3993895813076211 6.104186923789334E-4
12 74 145 0.3971634036471315 0.0028365963528685367
12 75 146 0.39846492370237285 0.0015350762976271692
12 76 139 0.3932863722063477 0.00671362779365231
12 78 147 0.3963237308501309 0.003676269149869127
12 79 80 0.3761923751343309 0.02380762486566912
12 79 81 0.33402962409300196 0.06597037590699806
12 85 93 0.3938689144318156 0.0061310855681844245
12 86 93 0.009489527931938534 0.3905104720680615
12 90 106 0.39411867188843064 0.005881328111569384
12 91 101 0.3937354693916596 0.006264530608340424
12 92 102 0.39476308238976177 0.005236917610238256
12 95 97 0.3941247007239944 0.005875299276005608
12 96 105 0.39610821613431585 0.003891783865684173
12 96 106 0.39574563555748304 0.004254364442516978
12 104 121 0.014973707353588571 0.38502629264641147
12 107 122 0.39235292246001896 0.007647077539981062
12 109 118 0.0051843785835157825 0.39481562141648424
12 109 128 0.396723600620969 0.003276399379031014
12 111 120 0.39695541063457035 0.003044589365429673
12 115 131 0.12734324837816408 0.27265675162183595
12 118 128 0.39211239127154207 0.007887608728457951
12 124 142 0.3755859404690725 0.024414059530927512
12 127 137 0.3980553128330334 0.0019446871669666077
12 129 137 0.39228753097096974 0.007712469029030278
12 129 146 0.39995882755221435 4.1172447785675637E-5
12 132 133 0.3826151084745344 0.01738489152546563
12 132 141 0.3735528793502696 0.026447120649730427
12 132 150 0.3940928253973878 0.005907174602612197
12 134 141 0.3655352099667025 0.0344647900332975
12 138 149 0.3930513951047024 0.006948604895297639
12 139 149 0.3958299502816127 0.004170049718387303
12 141 142 0.38539743626254175 0.014602563737458274
12 142 150 0.37817006054945584 0.021829939450544178
13 1 82 0.0 0.4
13 2 83 0.0 0.4
13 3 84 0.0 0.4
13 4 85 0.0 0.4
13 4 93 0.3938689144318156 0.0061310855681844245
13 5 8 0.39628468871867223 0.0037153112813277933
13 5 25 0.39203116910011687 0.00796883089988315
13 5 88 0.3918850186784694 0.008114981321530601
13 5 89 0.39324379095809936 0.006756209041900663
13 6 86 0.012057150144016014 0.387942849855984
13 7 87 0.00635380139772482 0.3936461986022752
13 8 89 0.02838491486989897 0.37161508513010105
13 10 91 0.0 0.4
13 10 101 0.3937354693916596 0.006264530608340424
13 11 92 0.397992274235923 0.0020077257640770396
13 13 40 0.3927406201409259 0.0072593798590741
13 13 104 0.39888604304233855 0.0011139569576614772
13 13 121 0.39416124174816286 0.005838758251837162
13 14 93 0.3972411568616894 0.002758843138310596
13 15 24 0.3966682940728603 0.0033317059271397165
13 15 97 0.39513836623512616 0.004861633764873863
13 15 104 0.3940450565548042 0.005954943445195815
13 17 51 0.39480596875234725 0.005194031247652775
13 17 105 0.3955289765639164 0.004471023436083632
13 17 106 0.39693073265072326 0.003069267349276761
13 17 108 0.39182626280289157 0.008173737197108455
13 18 41 0.39473306021441784 0.005266939785582181
13 18 98 0.015846047097776775 0.38415395290222326
13 19 100 0.39703581207882027 0.0029641879211797506
13 19 101 0.008696673390618114 0.3913033266093819
13 20 21 0.3961302337055744 0.0038697662944256472
13 20 111 0.026012991978558837 0.3739870080214412
13 21 22 0.39875902347523484 0.0012409765247651805
13 21 103 0.39326863497139597 0.006731365028604053
13 22 112 0.3950537821787208 0.004946217821279242
13 24 95 0.399675031967835 3.2496803216502945E-4
13 25 88 0.001387911016650037 0.39861208898335
13 28 100 0.004965373593355873 0.39503462640664416
13 28 109 0.3973779191921073 0.002622080807892724
13 29 120 0.3920981263380601 0.007901873661939895
13 31 123 0.3938559584016562 0.006144041598343808
13 31 132 0.3857063052517288 0.014293694748271246
13 32 51 0.3931968977761349 0.0068031022238650984
13 33 90 0.0027508982845844076 0.3972491017154156
13 33 106 0.3923697401315942 0.00763025986840582
13 37 55 0.3863025738355259 0.013697426164474114
13 37 73 0.3915551256092083 0.008444874390791723
13 37 136 0.009098733962728627 0.3909012660372714
13 39 112 0.3997186894685914 2.813105314086184E-4
13 39 130 0.39268462307834723 0.007315376921652794
13 40 112 0.39573838834832514 0.004261611651674879
13 41 98 0.39065358231814834 0.009346417681851682
13 46 127 0.00877875395879891 0.3912212460412011
13 46 128 0.3934795240695807 0.006520475930419323
13 46 137 0.3979476990483767 0.0020523009516233426
13 47 56 0.3973242754213442 0.002675724578655836
13 47 127 0.3962288119239855 0.003771188076014509
13 47 145 0.01570696120814024 0.3842930387918598
13 48 58 0.3940488582664161 0.005951141733583909
13 49 50 0.3800877874747074 0.019912212525292627
13 49 131 0.3897068185735207 0.010293181426479336
13 49 133 0.3716883500759495 0.028311649924050497
13 49 140 0.32465428364601884 0.07534571635398118
13 50 52 0.2992156569159926 0.10078434308400741
13 50 59 0.37604559774287377 0.02395440225712625
13 50 113 0.3818533035506884 0.018146696449311606
13 51 123 0.39295071536364745 0.007049284636352571
13 52 60 0.3805799835095084 0.01942001649049163
13 52 133 0.3854050689141667 0.014594931085833318
13 52 150 0.3798012235102884 0.020198776489711634
13 53 107 0.39017357944161024 0.009826420558389781
13 55 64 0.3907011794143899 0.009298820585610101
13 55 74 0.014775450422541818 0.3852245495774582
13 55 136 0.3854996645301952 0.014500335469804837
13 56 64 0.39129775925339727 0.008702240746602752
13 56 137 0.39695463443904744 0.0030453655609525843
13 56 145 0.39498505522573163 0.005014944774268393
13 57 59 0.3937721058046812 0.006227894195318828
13 57 67 0.39134430727813935 0.008655692721860675
13 58 138 0.3960910523434277 0.003908947656572348
13 59 140 0.3908855567003454 0.009114443299654607
13 60 61 0.3902464403590047 0.009753559640995335
13 62 124 0.38859284961688256 0.01140715038311746
13 62 134 0.39220565502962007 0.007794344970379952
13 64 65 0.3930084629984208 0.006991537001579229
13 64 74 0.39708039434209386 0.0029196056579061658
13 65 66 0.3843864392606422 0.015613560739357824
13 65 73 0.16458048013704446 0.23541951986295556
13 65 75 0.3841404671432669 0.01585953285673314
13 66 75 0.3495260905837635 0.05047390941623653
13 66 76 0.3756293523169275 0.02437064768307251
13 66 148 0.38712408398098336 0.012875916019016664
13 67 78 0.3971237432438942 0.0028762567561058106
13 68 78 0.3896203680590896 0.010379631940910405
13 68 80 0.3998783651046423 1.2163489535771399E-4
13 69 77 0.39469865814537547 0.005301341854624553
13 69 147 0.011187267034518365 0.38881273296548163
13 71 72 0.3930990288417206 0.006900971158279423
13 71 81 0.39282475320130344 0.007175246798696577
13 74 136 0.3993895813076211 6.104186923789334E-4
13 74 145 0.3971634036471315 0.0028365963528685367
13 75 146 0.39846492370237285 0.0015350762976271692
13 76 139 0.3932863722063477 0.00671362779365231
13 78 147 0.3963237308501309 0.003676269149869127
13 79 80 0.3761923751343309 0.02380762486566912
13 79 81 0.33402962409300196 0.06597037590699806
13 85 93 0.3938689144318156 0.0061310855681844245
13 86 93 0.3981895805746178 0.001810419425382237
13 90 106 0.39411867188843064 0.005881328111569384
13 91 101 0.3937354693916596 0.006264530608340424
13 92 102 0.39476308238976177 0.005236917610238256
13 95 97 0.3941247007239944 0.005875299276005608
13 96 105 0.39610821613431585 0.003891783865684173
13 96 106 0.39574563555748304 0.004254364442516978
13 104 121 0.014973707353588571 0.38502629264641147
13 109 118 0.0051843785835157825 0.39481562141648424
13 109 128 0.396723600620969 0.003276399379031014
13 111 120 0.39695541063457035 0.003044589365429673
13 115 131 0.12734324837816408 0.27265675162183595
13 118 128 0.39211239127154207 0.007887608728457951
13 124 142 0.3755859404690725 0.024414059530927512
13 127 137 0.3980553128330334 0.0019446871669666077
13 129 137 0.39228753097096974 0.007712469029030278
13 129 146 0.39995882755221435 4.1172447785675637E-5
13 132 133 0.3826151084745344 0.01738489152546563
13 132 150 0.3940928253973878 0.005907174602612197
13 134 141 0.38922226396715304 0.010777736032846985
13 138 149 0.3930513951047024 0.006948604895297639
13 139 149 0.3958299502816127 0.004170049718387303
13 141 142 0.38701947930362407 0.012980520696375952
13 142 150 0.37817006054945584 0.021829939450544178
14 1 82 0.0 0.4
14 2 83 0.0 0.4
14 3 84 0.0 0.4
14 4 85 0.0 0.4
14 4 93 0.3938689144318156 0.0061310855681844245
14 5 8 0.39628468871867223 0.0037153112813277933
14 5 25 0.39203116910011687 0.00796883089988315
14 5 88 0.3918850186784694 0.008114981321530601
14 5 89 0.39324379095809936 0.006756209041900663
14 6 86 0.012057150144016014 0.387942849855984
14 7 87 0.00635380139772482 0.3936461986022752
14 8 89 0.02838491486989897 0.37161508513010105
14 10 91 0.0 0.4
14 10 101 0.3937354693916596 0.006264530608340424
14 11 92 0.397992274235923 0.0020077257640770396
14 13 40 0.3927406201409259 0.0072593798590741
14 13 104 0.39888604304233855 0.0011139569576614772
14 14 93 0.3972411568616894 0.002758843138310596
14 15 24 0.3966682940728603 0.0033317059271397165
14 15 97 0.39513836623512616 0.004861633764873863
14 15 104 0.3940450565548042 0.005954943445195815
14 16 41 0.3915442374899084 0.008455762510091613
14 16 98 0.3931964327436213 0.006803567256378706
14 17 51 0.39480596875234725 0.005194031247652775
14 17 105 0.3955289765639164 0.004471023436083632
14 17 106 0.39693073265072326 0.003069267349276761
14 17 108 0.39182626280289157 0.008173737197108455
14 18 33 0.2705397158880214 0.12946028411197863
14 18 41 0.3633310162217773 0.0366689837782227
14 18 51 0.3762294208713337 0.023770579128666314
14 18 108 0.36832053676800575 0.031679463231994276
14 19 28 0.3995192615898695 4.807384101305212E-4
14 19 109 0.3930217411979725 0.006978258802027515
14 19 118 0.002480738410130634 0.3975192615898694
14 19 128 0.3945929924812104 0.005407007518789642
14 20 21 0.3961302337055744 0.0038697662944256472
14 20 111 0.3922440120279258 0.007755987972074219
14 21 22 0.39875902347523484 0.0012409765247651805
14 21 103 0.39326863497139597 0.006731365028604053
14 22 112 0.3950537821787208 0.004946217821279242
14 24 95 0.399675031967835 3.2496803216502945E-4
14 25 88 0.001387911016650037 0.39861208898335
14 28 100 0.004965373593355873 0.39503462640664416
14 29 120 0.3920981263380601 0.007901873661939895
14 31 121 0.16389465435609454 0.23610534564390548
14 32 51 0.3931968977761349 0.0068031022238650984
14 33 98 0.37686309057571854 0.023136909424281482
14 33 108 0.38438227730897295 0.01561772269102707
14 37 73 0.3915551256092083 0.008444874390791723
14 37 136 0.009098733962728627 0.3909012660372714
14 38 109 0.39587617970855626 0.004123820291443758
14 39 111 0.39466945152080685 0.005330548479193176
14 39 112 0.3997186894685914 2.813105314086184E-4
14 39 130 0.39268462307834723 0.007315376921652794
14 40 112 0.39573838834832514 0.004261611651674879
14 46 109 0.39495633880537845 0.005043661194621574
14 46 127 0.00877875395879891 0.3912212460412011
14 46 128 0.3934795240695807 0.006520475930419323
14 46 137 0.3979476990483767 0.0020523009516233426
14 47 55 0.012371890572034734 0.3876281094279653
14 47 56 0.3973242754213442 0.002675724578655836
14 47 127 0.3962288119239855 0.003771188076014509
14 48 58 0.3940488582664161 0.005951141733583909
14 49 50 0.3800877874747074 0.019912212525292627
14 49 131 0.3897068185735207 0.010293181426479336
14 49 133 0.3716883500759495 0.028311649924050497
14 49 140 0.32465428364601884 0.07534571635398118
14 50 52 0.2992156569159926 0.10078434308400741
14 50 59 0.37604559774287377 0.02395440225712625
14 50 113 0.3818533035506884 0.018146696449311606
14 51 123 0.39295071536364745 0.007049284636352571
14 52 60 0.3805799835095084 0.01942001649049163
14 52 133 0.3854050689141667 0.014594931085833318
14 52 150 0.3798012235102884 0.020198776489711634
14 55 56 0.39743553378126045 0.0025644662187395695
14 56 64 0.39129775925339727 0.008702240746602752
14 56 137 0.39695463443904744 0.0030453655609525843
14 56 145 0.39644729775170207 0.0035527022482979564
14 57 59 0.3937721058046812 0.006227894195318828
14 57 67 0.39134430727813935 0.008655692721860675
14 58 138 0.3960910523434277 0.003908947656572348
14 59 140 0.3908855567003454 0.009114443299654607
14 60 61 0.3902464403590047 0.009753559640995335
14 64 65 0.3930084629984208 0.006991537001579229
14 64 74 0.39708039434209386 0.0029196056579061658
14 65 66 0.3843864392606422 0.015613560739357824
14 65 73 0.16458048013704446 0.23541951986295556
14 65 75 0.3841404671432669 0.01585953285673314
14 66 75 0.3495260905837635 0.05047390941623653
14 66 76 0.3756293523169275 0.02437064768307251
14 66 148 0.38712408398098336 0.012875916019016664
14 67 78 0.3971237432438942 0.0028762567561058106
14 68 78 0.3896203680590896 0.010379631940910405
14 68 80 0.3998783651046423 1.2163489535771399E-4
14 69 77 0.39469865814537547 0.005301341854624553
14 69 147 0.011187267034518365 0.38881273296548163
14 71 72 0.3930990288417206 0.006900971158279423
14 71 81 0.39282475320130344 0.007175246798696577
14 74 136 0.3993895813076211 6.104186923789334E-4
14 75 145 0.39008537704416063 0.009914622955839392
14 76 139 0.3932863722063477 0.00671362779365231
14 76 146 0.39983629511544067 1.6370488455935694E-4
14 78 147 0.3963237308501309 0.003676269149869127
14 79 80 0.3761923751343309 0.02380762486566912
14 79 81 0.33402962409300196 0.06597037590699806
14 85 93 0.3938689144318156 0.0061310855681844245
14 86 93 0.3981895805746178 0.001810419425382237
14 90 106 0.39411867188843064 0.005881328111569384
14 91 101 0.3937354693916596 0.006264530608340424
14 92 102 0.39476308238976177 0.005236917610238256
14 95 97 0.3941247007239944 0.005875299276005608
14 96 105 0.39610821613431585 0.003891783865684173
14 96 106 0.39574563555748304 0.004254364442516978
14 98 125 0.3974509901364599 0.0025490098635401193
14 109 118 0.3905410035976431 0.009458996402356923
14 109 128 0.004715395330858869 0.39528460466914117
14 111 112 0.018736429851868627 0.3812635701481314
14 115 121 0.38767788308791123 0.012322116912088787
14 115 131 0.12734324837816408 0.27265675162183595
14 118 128 0.39211239127154207 0.007887608728457951
14 121 131 0.3864196329988553 0.013580367001144733
14 121 133 0.3881978103631221 0.011802189636877902
14 124 142 0.3755859404690725 0.024414059530927512
14 127 137 0.3980553128330334 0.0019446871669666077
14 129 137 0.39228753097096974 0.007712469029030278
14 134 141 0.3950220339774575 0.004977966022542524
14 138 146 0.010439080896546266 0.38956091910345375
14 138 149 0.3930513951047024 0.006948604895297639
14 139 149 0.3958299502816127 0.004170049718387303
14 142 150 0.37817006054945584 0.021829939450544178
14 146 149 0.3994934644748928 5.065355251072101E-4
15 1 82 0.0 0.4
15 2 83 0.0 0.4
15 3 84 0.0 0.4
15 4 85 0.0 0.4
15 4 93 0.3938689144318156 0.0061310855681844245
15 5 8 0.39628468871867223 0.0037153112813277933
15 5 88 0.3918850186784694 0.008114981321530601
15 5 89 0.39324379095809936 0.006756209041900663
15 6 86 0.012057150144016014 0.387942849855984
15 7 87 0.00635380139772482 0.3936461986022752
15 8 89 0.02838491486989897 0.37161508513010105
15 10 91 0.0 0.4
15 10 101 0.3937354693916596 0.006264530608340424
15 11 92 0.397992274235923 0.0020077257640770396
15 13 40 0.3927406201409259 0.0072593798590741
15 13 104 0.39888604304233855 0.0011139569576614772
15 13 112 0.027347985089113857 0.3726520149108862
15 14 93 0.3972411568616894 0.002758843138310596
15 15 24 0.3966682940728603 0.0033317059271397165
15 15 97 0.39513836623512616 0.004861633764873863
15 15 104 0.3940450565548042 0.005954943445195815
15 17 25 0.3979460996692033 0.0020539003307967207
15 17 51 0.39480596875234725 0.005194031247652775
15 17 105 0.3955289765639164 0.004471023436083632
15 17 106 0.39693073265072326 0.003069267349276761
15 17 108 0.39182626280289157 0.008173737197108455
15 19 28 0.3995192615898695 4.807384101305212E-4
15 19 109 0.3930217411979725 0.006978258802027515
15 19 118 0.002480738410130634 0.3975192615898694
15 19 128 0.3945929924812104 0.005407007518789642
15 20 21 0.3961302337055744 0.0038697662944256472
15 20 111 0.3922440120279258 0.007755987972074219
15 21 22 0.39875902347523484 0.0012409765247651805
15 21 103 0.39326863497139597 0.006731365028604053
15 22 112 0.3912995567482786 0.008700443251721424
15 24 95 0.399675031967835 3.2496803216502945E-4
15 25 90 0.39199801729690925 0.00800198270309077
15 25 96 0.39776118291404344 0.0022388170859565792
15 25 106 0.0022966585450720444 0.39770334145492797
15 28 100 0.004965373593355873 0.39503462640664416
15 29 120 0.3920981263380601 0.007901873661939895
15 32 41 0.38326782560287814 0.01673217439712188
15 32 121 0.3867563694384145 0.013243630561585507
15 32 132 0.38253667815107195 0.01746332184892807
15 32 142 0.3896027103769499 0.010397289623050143
15 33 98 0.37686309057571854 0.023136909424281482
15 33 108 0.38438227730897295 0.01561772269102707
15 37 46 0.3964632592197059 0.0035367407802941453
15 37 73 0.3915551256092083 0.008444874390791723
15 37 136 0.009098733962728627 0.3909012660372714
15 38 109 0.39587617970855626 0.004123820291443758
15 39 111 0.39466945152080685 0.005330548479193176
15 39 130 0.39268462307834723 0.007315376921652794
15 46 64 0.39449914756019705 0.005500852439802972
15 46 74 0.004366307041368674 0.3956336929586313
15 46 136 0.3955960798674506 0.0044039201325494215
15 47 127 0.007279011269655612 0.3927209887303444
15 48 58 0.3940488582664161 0.005951141733583909
15 49 50 0.3800877874747074 0.019912212525292627
15 49 131 0.3897068185735207 0.010293181426479336
15 49 133 0.3716883500759495 0.028311649924050497
15 49 140 0.32465428364601884 0.07534571635398118
15 50 59 0.37604559774287377 0.02395440225712625
15 50 113 0.3818533035506884 0.018146696449311606
15 51 121 0.3794193605466344 0.020580639453365634
15 51 123 0.39295071536364745 0.007049284636352571
15 52 60 0.3781093138760913 0.02189068612390871
15 52 133 0.3791302385836039 0.020869761416396126
15 52 150 0.3855716902373097 0.014428309762690328
15 55 56 0.39743553378126045 0.0025644662187395695
15 56 64 0.39129775925339727 0.008702240746602752
15 56 137 0.39695463443904744 0.0030453655609525843
15 56 145 0.39644729775170207 0.0035527022482979564
15 57 59 0.3937721058046812 0.006227894195318828
15 57 67 0.39134430727813935 0.008655692721860675
15 57 138 0.393254964405431 0.0067450355945690155
15 59 140 0.3908855567003454 0.009114443299654607
15 60 61 0.3902464403590047 0.009753559640995335
15 61 150 0.38998971644459235 0.010010283555407673
15 62 124 0.3974296298699129 0.0025703701300870962
15 64 65 0.3930084629984208 0.006991537001579229
15 64 74 0.39708039434209386 0.0029196056579061658
15 65 66 0.3843864392606422 0.015613560739357824
15 65 73 0.16458048013704446 0.23541951986295556
15 65 75 0.3841404671432669 0.01585953285673314
15 66 75 0.3495260905837635 0.05047390941623653
15 66 76 0.3756293523169275 0.02437064768307251
15 66 148 0.38712408398098336 0.012875916019016664
15 67 78 0.3971237432438942 0.0028762567561058106
15 68 78 0.3896203680590896 0.010379631940910405
15 68 80 0.3998783651046423 1.2163489535771399E-4
15 69 77 0.39469865814537547 0.005301341854624553
15 69 147 0.011187267034518365 0.38881273296548163
15 71 72 0.3930990288417206 0.006900971158279423
15 71 81 0.39282475320130344 0.007175246798696577
15 74 136 0.3993895813076211 6.104186923789334E-4
15 75 145 0.39008537704416063 0.009914622955839392
15 76 139 0.3932863722063477 0.00671362779365231
15 76 146 0.39983629511544067 1.6370488455935694E-4
15 78 147 0.3963237308501309 0.003676269149869127
15 79 80 0.3761923751343309 0.02380762486566912
15 79 81 0.33402962409300196 0.06597037590699806
15 85 93 0.3938689144318156 0.0061310855681844245
15 86 93 0.3981895805746178 0.001810419425382237
15 90 106 0.39411867188843064 0.005881328111569384
15 91 101 0.3937354693916596 0.006264530608340424
15 92 102 0.39476308238976177 0.005236917610238256
15 95 97 0.3941247007239944 0.005875299276005608
15 96 105 0.39610821613431585 0.003891783865684173
15 96 106 0.39574563555748304 0.004254364442516978
15 98 125 0.3974509901364599 0.0025490098635401193
15 104 115 0.1669007145507723 0.23309928544922773
15 109 118 0.3905410035976431 0.009458996402356923
15 109 128 0.004715395330858869 0.39528460466914117
15 115 131 0.3843238366280101 0.015676163371989904
15 118 128 0.39211239127154207 0.007887608728457951
15 124 141 0.3935061613458442 0.006493838654155815
15 124 142 0.39157993103145194 0.008420068968548078
15 127 137 0.3980553128330334 0.0019446871669666077
15 129 137 0.39228753097096974 0.007712469029030278
15 130 138 0.39298974445458595 0.007010255545414068
15 132 150 0.3899239944134151 0.010076005586584946
15 134 141 0.3950220339774575 0.004977966022542524
15 138 149 0.0159717439259755 0.3840282560740245
15 139 149 0.3958299502816127 0.004170049718387303
15 146 149 0.3994934644748928 5.065355251072101E-4
16 1 82 0.0 0.4
16 2 83 0.0 0.4
16 3 84 0.0 0.4
16 4 85 0.0 0.4
16 4 93 0.3938689144318156 0.0061310855681844245
16 5 8 0.39628468871867223 0.0037153112813277933
16 5 88 0.3918850186784694 0.008114981321530601
16 5 89 0.39324379095809936 0.006756209041900663
16 6 86 0.012057150144016014 0.387942849855984
16 7 87 0.00635380139772482 0.3936461986022752
16 8 89 0.02838491486989897 0.37161508513010105
16 10 91 0.0 0.4
16 10 101 0.3937354693916596 0.006264530608340424
16 11 92 0.397992274235923 0.0020077257640770396
16 13 40 0.3927406201409259 0.0072593798590741
16 13 104 0.39888604304233855 0.0011139569576614772
16 13 112 0.027347985089113857 0.3726520149108862
16 14 93 0.3972411568616894 0.002758843138310596
16 15 24 0.3966682940728603 0.0033317059271397165
16 15 97 0.39513836623512616 0.004861633764873863
16 15 104 0.3940450565548042 0.005954943445195815
16 17 25 0.3979460996692033 0.0020539003307967207
16 17 51 0.39480596875234725 0.005194031247652775
16 17 105 0.3955289765639164 0.004471023436083632
16 17 106 0.39693073265072326 0.003069267349276761
16 17 108 0.39182626280289157 0.008173737197108455
16 19 28 0.3995192615898695 4.807384101305212E-4
16 19 109 0.3930217411979725 0.006978258802027515
16 19 118 0.002480738410130634 0.3975192615898694
16 19 128 0.3945929924812104 0.005407007518789642
16 20 21 0.3961302337055744 0.0038697662944256472
16 20 111 0.3922440120279258 0.007755987972074219
16 21 22 0.39875902347523484 0.0012409765247651805
16 21 103 0.39326863497139597 0.006731365028604053
16 22 112 0.3912995567482786 0.008700443251721424
16 24 95 0.399675031967835 3.2496803216502945E-4
16 25 90 0.39199801729690925 0.00800198270309077
16 25 96 0.39776118291404344 0.0022388170859565792
16 25 106 0.0022966585450720444 0.39770334145492797
16 28 100 0.004965373593355873 0.39503462640664416
16 29 120 0.3920981263380601 0.007901873661939895
16 31 123 0.38277177939516993 0.01722822060483009
16 31 131 0.38743640726020556 0.01256359273979446
16 31 133 0.3846416501709209 0.015358349829079132
16 32 41 0.38326782560287814 0.01673217439712188
16 32 115 0.3859785820838397 0.014021417916160295
16 32 121 0.3867563694384145 0.013243630561585507
16 32 132 0.38253667815107195 0.01746332184892807
16 33 98 0.37686309057571854 0.023136909424281482
16 33 108 0.38438227730897295 0.01561772269102707
16 37 46 0.3964632592197059 0.0035367407802941453
16 37 73 0.3915551256092083 0.008444874390791723
16 37 136 0.009098733962728627 0.3909012660372714
16 38 109 0.39587617970855626 0.004123820291443758
16 39 111 0.39466945152080685 0.005330548479193176
16 39 130 0.39268462307834723 0.007315376921652794
16 39 149 0.3939713407134314 0.0060286592865686495
16 46 64 0.39449914756019705 0.005500852439802972
16 46 74 0.004366307041368674 0.3956336929586313
16 46 136 0.3955960798674506 0.0044039201325494215
16 47 127 0.007279011269655612 0.3927209887303444
16 48 58 0.3940488582664161 0.005951141733583909
16 49 50 0.3800877874747074 0.019912212525292627
16 49 131 0.3897068185735207 0.010293181426479336
16 49 140 0.32465428364601884 0.07534571635398118
16 50 59 0.37604559774287377 0.02395440225712625
16 50 113 0.3818533035506884 0.018146696449311606
16 51 115 0.3761182843323561 0.02388171566764391
16 51 121 0.3794193605466344 0.020580639453365634
16 51 123 0.39295071536364745 0.007049284636352571
16 52 150 0.3855716902373097 0.014428309762690328
16 55 56 0.39743553378126045 0.0025644662187395695
16 56 64 0.39129775925339727 0.008702240746602752
16 56 137 0.39695463443904744 0.0030453655609525843
16 56 145 0.39644729775170207 0.0035527022482979564
16 57 59 0.3937721058046812 0.006227894195318828
16 57 67 0.39134430727813935 0.008655692721860675
16 57 138 0.393254964405431 0.0067450355945690155
16 58 149 0.3997938069452533 2.0619305474672833E-4
16 59 140 0.3908855567003454 0.009114443299654607
16 60 150 0.39797146326873173 0.0020285367312682934
16 61 72 0.38948113439527454 0.01051886560472548
16 61 124 0.3916152016244074 0.00838479837559264
16 61 150 0.39045473825889687 0.00954526174110315
16 62 124 0.3974296298699129 0.0025703701300870962
16 64 74 0.39708039434209386 0.0029196056579061658
16 65 66 0.17379462183570304 0.22620537816429698
16 65 73 0.38501488694734676 0.014985113052653265
16 65 75 0.3911307310579304 0.00886926894206963
16 66 75 0.3495260905837635 0.05047390941623653
16 66 76 0.3756293523169275 0.02437064768307251
16 66 148 0.38712408398098336 0.012875916019016664
16 67 78 0.3971237432438942 0.0028762567561058106
16 68 78 0.3896203680590896 0.010379631940910405
16 68 80 0.3998783651046423 1.2163489535771399E-4
16 69 77 0.39469865814537547 0.005301341854624553
16 69 147 0.011187267034518365 0.38881273296548163
16 71 72 0.3930990288417206 0.006900971158279423
16 71 81 0.39282475320130344 0.007175246798696577
16 74 136 0.3993895813076211 6.104186923789334E-4
16 75 145 0.39008537704416063 0.009914622955839392
16 76 139 0.3932863722063477 0.00671362779365231
16 76 146 0.39983629511544067 1.6370488455935694E-4
16 78 147 0.3963237308501309 0.003676269149869127
16 79 80 0.3761923751343309 0.02380762486566912
16 79 81 0.33402962409300196 0.06597037590699806
16 85 93 0.3938689144318156 0.0061310855681844245
16 86 93 0.3981895805746178 0.001810419425382237
16 90 106 0.39411867188843064 0.005881328111569384
16 91 101 0.3937354693916596 0.006264530608340424
16 92 102 0.39476308238976177 0.005236917610238256
16 95 97 0.3941247007239944 0.005875299276005608
16 96 105 0.39610821613431585 0.003891783865684173
16 96 106 0.39574563555748304 0.004254364442516978
16 109 118 0.3905410035976431 0.009458996402356923
16 109 128 0.004715395330858869 0.39528460466914117
16 115 132 0.3804495320661371 0.019550467933862947
16 118 128 0.39211239127154207 0.007887608728457951
16 122 134 0.39229720036756455 0.007702799632435475
16 127 137 0.3980553128330334 0.0019446871669666077
16 129 137 0.39228753097096974 0.007712469029030278
16 130 138 0.39298974445458595 0.007010255545414068
16 130 149 0.009969529458122992 0.390030470541877
16 132 150 0.3899239944134151 0.010076005586584946
16 138 149 0.39186229612612394 0.008137703873876079
17 1 82 0.0 0.4
17 2 83 0.0 0.4
17 3 84 0.0 0.4
17 4 85 0.0 0.4
17 4 93 0.3938689144318156 0.0061310855681844245
17 5 8 0.39628468871867223 0.0037153112813277933
17 5 88 0.3918850186784694 0.008114981321530601
17 5 89 0.39324379095809936 0.006756209041900663
17 6 86 0.012057150144016014 0.387942849855984
17 7 87 0.3933181336811218 0.006681866318878238
17 8 89 0.02838491486989897 0.37161508513010105
17 10 91 0.0 0.4
17 10 101 0.3937354693916596 0.006264530608340424
17 11 92 0.397992274235923 0.0020077257640770396
17 13 15 0.3963052507332172 0.0036947492667828152
17 13 104 0.11804973537713703 0.281950264622863
17 13 112 0.3977180553546414 0.0022819446453586356
17 14 93 0.3972411568616894 0.002758843138310596
17 15 24 0.3966682940728603 0.0033317059271397165
17 15 97 0.39513836623512616 0.004861633764873863
17 16 41 0.3921878436982265 0.00781215630177351
17 17 25 0.3979460996692033 0.0020539003307967207
17 17 105 0.3955289765639164 0.004471023436083632
17 17 106 0.3929377624984076 0.0070622375015924055
17 19 28 0.3995192615898695 4.807384101305212E-4
17 19 109 0.3930217411979725 0.006978258802027515
17 19 118 0.002480738410130634 0.3975192615898694
17 19 128 0.3945929924812104 0.005407007518789642
17 20 21 0.3961302337055744 0.0038697662944256472
17 20 111 0.3922440120279258 0.007755987972074219
17 21 22 0.39875902347523484 0.0012409765247651805
17 21 103 0.39326863497139597 0.006731365028604053
17 22 112 0.3912995567482786 0.008700443251721424
17 24 95 0.399675031967835 3.2496803216502945E-4
17 25 90 0.39199801729690925 0.00800198270309077
17 25 96 0.39776118291404344 0.0022388170859565792
17 28 100 0.004965373593355873 0.39503462640664416
17 29 120 0.3920981263380601 0.007901873661939895
17 31 123 0.38277177939516993 0.01722822060483009
17 31 131 0.38743640726020556 0.01256359273979446
17 31 133 0.3846416501709209 0.015358349829079132
17 32 51 0.391145616461562 0.008854383538438038
17 32 108 0.3835157524655571 0.016484247534442942
17 32 132 0.3922997641869463 0.007700235813053735
17 33 98 0.37686309057571854 0.023136909424281482
17 33 106 0.39709421550515106 0.002905784494848962
17 37 46 0.3932874996559843 0.006712500344015715
17 37 74 0.39644376193950615 0.003556238060493877
17 37 136 0.09679854831712391 0.3032014516828761
17 38 109 0.39587617970855626 0.004123820291443758
17 39 111 0.39466945152080685 0.005330548479193176
17 39 149 0.3939713407134314 0.0060286592865686495
17 41 115 0.3961404084617209 0.003859591538279139
17 41 121 0.3908829528444397 0.009117047155560332
17 46 64 0.39449914756019705 0.005500852439802972
17 46 74 0.004366307041368674 0.3956336929586313
17 46 136 0.3955960798674506 0.0044039201325494215
17 47 127 0.007279011269655612 0.3927209887303444
17 48 58 0.3940488582664161 0.005951141733583909
17 49 50 0.3789395825122199 0.021060417487780148
17 49 131 0.38148829475175666 0.01851170524824336
17 49 133 0.38567105462748413 0.014328945372515889
17 50 59 0.37604559774287377 0.02395440225712625
17 50 113 0.3818533035506884 0.018146696449311606
17 51 150 0.3906336411657924 0.009366358834207611
17 52 150 0.3855716902373097 0.014428309762690328
17 55 56 0.39743553378126045 0.0025644662187395695
17 56 64 0.39129775925339727 0.008702240746602752
17 56 137 0.39695463443904744 0.0030453655609525843
17 56 145 0.39644729775170207 0.0035527022482979564
17 57 139 0.3967549754172843 0.00324502458271575
17 58 149 0.3997938069452533 2.0619305474672833E-4
17 59 130 0.3895226535368419 0.010477346463158121
17 59 140 0.3908855567003454 0.009114443299654607
17 60 150 0.39797146326873173 0.0020285367312682934
17 61 72 0.38948113439527454 0.01051886560472548
17 61 124 0.3916152016244074 0.00838479837559264
17 61 150 0.39045473825889687 0.00954526174110315
17 64 74 0.39708039434209386 0.0029196056579061658
17 65 66 0.17379462183570304 0.22620537816429698
17 65 73 0.38501488694734676 0.014985113052653265
17 65 75 0.3911307310579304 0.00886926894206963
17 66 75 0.3495260905837635 0.05047390941623653
17 66 76 0.3756293523169275 0.02437064768307251
17 66 148 0.38712408398098336 0.012875916019016664
17 67 68 0.3944896306995108 0.005510369300489204
17 67 78 0.008030182566509739 0.3919698174334903
17 67 147 0.3917817500934787 0.008218249906521313
17 68 78 0.3896203680590896 0.010379631940910405
17 68 80 0.3998783651046423 1.2163489535771399E-4
17 69 70 0.13100103951492748 0.26899896048507255
17 69 113 0.3900871064629871 0.009912893537012912
17 71 72 0.3930990288417206 0.006900971158279423
17 71 81 0.39282475320130344 0.007175246798696577
17 74 136 0.3993895813076211 6.104186923789334E-4
17 75 145 0.39008537704416063 0.009914622955839392
17 76 139 0.3932863722063477 0.00671362779365231
17 76 146 0.39983629511544067 1.6370488455935694E-4
17 78 147 0.3963237308501309 0.003676269149869127
17 79 80 0.3761923751343309 0.02380762486566912
17 79 81 0.33402962409300196 0.06597037590699806
17 85 93 0.3938689144318156 0.0061310855681844245
17 86 93 0.3981895805746178 0.001810419425382237
17 87 88 0.01331403128403562 0.3866859687159644
17 90 106 0.39701483501081475 0.002985164989185274
17 91 101 0.3937354693916596 0.006264530608340424
17 92 102 0.39476308238976177 0.005236917610238256
17 95 97 0.3941247007239944 0.005875299276005608
17 96 105 0.39610821613431585 0.003891783865684173
17 104 123 0.39329642202596243 0.006703577974037589
17 108 121 0.35742994972510633 0.04257005027489369
17 109 118 0.3905410035976431 0.009458996402356923
17 109 128 0.004715395330858869 0.39528460466914117
17 113 130 0.39893618587279617 0.0010638141272038548
17 118 128 0.39211239127154207 0.007887608728457951
17 127 137 0.3980553128330334 0.0019446871669666077
17 129 137 0.39228753097096974 0.007712469029030278
17 130 138 0.3994306428824896 5.693571175104384E-4
17 134 141 0.39474793787605145 0.005252062123948575
17 138 149 0.39186229612612394 0.008137703873876079
17 141 142 0.39479964810767126 0.005200351892328758
18 1 82 0.0 0.4
18 2 83 0.0 0.4
18 3 84 0.0 0.4
18 4 85 0.0 0.4
18 4 93 0.3938689144318156 0.0061310855681844245
18 5 8 0.39628468871867223 0.0037153112813277933
18 5 88 0.3918850186784694 0.008114981321530601
18 5 89 0.39324379095809936 0.006756209041900663
18 6 86 0.012057150144016014 0.387942849855984
18 7 87 0.3933181336811218 0.006681866318878238
18 8 89 0.02838491486989897 0.37161508513010105
18 10 91 0.0 0.4
18 10 101 0.3937354693916596 0.006264530608340424
18 11 92 0.397992274235923 0.0020077257640770396
18 13 15 0.3963052507332172 0.0036947492667828152
18 13 104 0.11804973537713703 0.281950264622863
18 13 112 0.3977180553546414 0.0022819446453586356
18 14 93 0.3972411568616894 0.002758843138310596
18 15 24 0.3966682940728603 0.0033317059271397165
18 15 97 0.39513836623512616 0.004861633764873863
18 17 106 0.39509344749281644 0.004906552507183581
18 18 126 0.3960880101607921 0.00391198983920793
18 19 28 0.3995192615898695 4.807384101305212E-4
18 19 109 0.3930217411979725 0.006978258802027515
18 19 118 0.002480738410130634 0.3975192615898694
18 19 128 0.3945929924812104 0.005407007518789642
18 20 21 0.3961302337055744 0.0038697662944256472
18 20 111 0.3922440120279258 0.007755987972074219
18 21 22 0.39875902347523484 0.0012409765247651805
18 21 103 0.39326863497139597 0.006731365028604053
18 22 112 0.3912995567482786 0.008700443251721424
18 24 95 0.399675031967835 3.2496803216502945E-4
18 25 90 0.39199801729690925 0.00800198270309077
18 25 96 0.39776118291404344 0.0022388170859565792
18 28 100 0.004965373593355873 0.39503462640664416
18 29 120 0.3920981263380601 0.007901873661939895
18 31 123 0.3981226999891058 0.0018773000108942006
18 32 51 0.391145616461562 0.008854383538438038
18 32 108 0.3835157524655571 0.016484247534442942
18 32 132 0.3922997641869463 0.007700235813053735
18 33 98 0.39234395615218653 0.007656043847813487
18 37 46 0.3932874996559843 0.006712500344015715
18 37 74 0.39644376193950615 0.003556238060493877
18 37 136 0.09679854831712391 0.3032014516828761
18 38 109 0.39587617970855626 0.004123820291443758
18 39 111 0.39466945152080685 0.005330548479193176
18 39 149 0.3939713407134314 0.0060286592865686495
18 46 64 0.39449914756019705 0.005500852439802972
18 46 74 0.004366307041368674 0.3956336929586313
18 46 136 0.3955960798674506 0.0044039201325494215
18 47 127 0.007279011269655612 0.3927209887303444
18 48 58 0.3940488582664161 0.005951141733583909
18 49 50 0.3789395825122199 0.021060417487780148
18 49 69 0.3745739017343083 0.0254260982656917
18 49 133 0.38567105462748413 0.014328945372515889
18 50 59 0.37604559774287377 0.02395440225712625
18 50 69 0.3828722149556259 0.017127785044374122
18 51 150 0.3906336411657924 0.009366358834207611
18 52 72 0.39352049144565077 0.006479508554349256
18 52 132 0.3908523099200384 0.009147690079961635
18 55 56 0.39743553378126045 0.0025644662187395695
18 56 64 0.39129775925339727 0.008702240746602752
18 56 137 0.39695463443904744 0.0030453655609525843
18 56 145 0.39644729775170207 0.0035527022482979564
18 57 139 0.3967549754172843 0.00324502458271575
18 58 149 0.3997938069452533 2.0619305474672833E-4
18 59 130 0.3895226535368419 0.010477346463158121
18 59 140 0.3908855567003454 0.009114443299654607
18 60 69 0.35438196821702417 0.045618031782975854
18 60 150 0.3898455750125324 0.010154424987467603
18 64 74 0.39708039434209386 0.0029196056579061658
18 65 66 0.17379462183570304 0.22620537816429698
18 65 73 0.38501488694734676 0.014985113052653265
18 65 75 0.3911307310579304 0.00886926894206963
18 66 75 0.3495260905837635 0.05047390941623653
18 66 76 0.3756293523169275 0.02437064768307251
18 66 148 0.38712408398098336 0.012875916019016664
18 67 68 0.3944896306995108 0.005510369300489204
18 67 78 0.3921793619985044 0.007820638001495628
18 67 147 0.3917817500934787 0.008218249906521313
18 68 78 0.0031795498051982647 0.3968204501948018
18 68 80 0.3998783651046423 1.2163489535771399E-4
18 69 133 0.37526562781856465 0.02473437218143537
18 70 113 0.3970373763770475 0.0029626236229525205
18 71 72 0.3930990288417206 0.006900971158279423
18 71 81 0.39282475320130344 0.007175246798696577
18 74 136 0.3993895813076211 6.104186923789334E-4
18 75 145 0.39008537704416063 0.009914622955839392
18 76 139 0.3932863722063477 0.00671362779365231
18 76 146 0.39983629511544067 1.6370488455935694E-4
18 78 80 0.3994641942191475 5.358057808525496E-4
18 79 80 0.3761923751343309 0.02380762486566912
18 79 81 0.33402962409300196 0.06597037590699806
18 85 93 0.3938689144318156 0.0061310855681844245
18 86 93 0.3981895805746178 0.001810419425382237
18 87 88 0.01331403128403562 0.3866859687159644
18 91 101 0.3937354693916596 0.006264530608340424
18 92 102 0.39476308238976177 0.005236917610238256
18 95 97 0.3941247007239944 0.005875299276005608
18 96 105 0.39610821613431585 0.003891783865684173
18 104 123 0.39329642202596243 0.006703577974037589
18 109 118 0.3905410035976431 0.009458996402356923
18 109 128 0.004715395330858869 0.39528460466914117
18 118 128 0.39211239127154207 0.007887608728457951
18 123 131 0.39317162105454206 0.006828378945457958
18 127 137 0.3980553128330334 0.0019446871669666077
18 129 137 0.39228753097096974 0.007712469029030278
18 130 138 0.3994306428824896 5.693571175104384E-4
18 131 133 0.3919015301340984 0.008098469865901625
18 134 141 0.39474793787605145 0.005252062123948575
18 138 149 0.39186229612612394 0.008137703873876079
18 141 142 0.39479964810767126 0.005200351892328758
19 1 82 0.0 0.4
19 2 3 0.39267373344136275 0.007326266558637273
19 2 84 0.39267373344136275 0.007326266558637273
19 2 85 0.010207198713129337 0.38979280128687066
19 3 84 0.0 0.4
19 4 85 0.3918125503935864 0.0081874496064136
19 4 93 0.004518843001807555 0.3954811569981925
19 5 25 0.23872763665882343 0.1612723633411766
19 5 88 0.3918850186784694 0.008114981321530601
19 5 89 0.39324379095809936 0.006756209041900663
19 6 7 0.02335085383112368 0.37664914616887635
19 6 86 0.3919472360294689 0.008052763970531118
19 6 97 0.39504875356542113 0.004951246434578893
19 7 87 0.3933181336811218 0.006681866318878238
19 8 17 0.3865133949054519 0.013486605094548132
19 8 25 0.3815430967102986 0.0184569032897014
19 10 91 0.0 0.4
19 10 101 0.3937354693916596 0.006264530608340424
19 11 92 0.397992274235923 0.0020077257640770396
19 13 15 0.3963052507332172 0.0036947492667828152
19 13 104 0.3828875181015015 0.01711248189849851
19 13 112 0.3977180553546414 0.0022819446453586356
19 14 93 0.3972411568616894 0.002758843138310596
19 15 24 0.3966682940728603 0.0033317059271397165
19 15 97 0.39513836623512616 0.004861633764873863
19 17 106 0.39509344749281644 0.004906552507183581
19 18 135 0.3943758163834537 0.005624183616546319
19 19 28 0.3995192615898695 4.807384101305212E-4
19 19 109 0.3930217411979725 0.006978258802027515
19 19 118 0.002480738410130634 0.3975192615898694
19 19 128 0.3945929924812104 0.005407007518789642
19 20 21 0.3961302337055744 0.0038697662944256472
19 20 111 0.3922440120279258 0.007755987972074219
19 21 22 0.39875902347523484 0.0012409765247651805
19 21 103 0.39326863497139597 0.006731365028604053
19 22 112 0.3912995567482786 0.008700443251721424
19 24 95 0.399675031967835 3.2496803216502945E-4
19 25 90 0.3847554709922306 0.015244529007769403
19 28 100 0.004965373593355873 0.39503462640664416
19 29 120 0.3920981263380601 0.007901873661939895
19 32 132 0.3922997641869463 0.007700235813053735
19 37 46 0.3932874996559843 0.006712500344015715
19 37 74 0.39644376193950615 0.003556238060493877
19 37 136 0.09679854831712391 0.3032014516828761
19 38 109 0.39587617970855626 0.004123820291443758
19 39 111 0.39466945152080685 0.005330548479193176
19 39 149 0.3939713407134314 0.0060286592865686495
19 40 104 0.35601215981959977 0.04398784018040025
19 46 64 0.39449914756019705 0.005500852439802972
19 46 74 0.004366307041368674 0.3956336929586313
19 46 136 0.3955960798674506 0.0044039201325494215
19 47 127 0.007279011269655612 0.3927209887303444
19 48 58 0.3940488582664161 0.005951141733583909
19 49 104 0.38863374883784646 0.011366251162153562
19 49 133 0.3925554430883599 0.007444556911640143
19 50 59 0.37604559774287377 0.02395440225712625
19 50 69 0.3828722149556259 0.017127785044374122
19 52 72 0.39352049144565077 0.006479508554349256
19 52 132 0.3908523099200384 0.009147690079961635
19 55 56 0.39743553378126045 0.0025644662187395695
19 56 64 0.39129775925339727 0.008702240746602752
19 56 137 0.39695463443904744 0.0030453655609525843
19 56 145 0.39644729775170207 0.0035527022482979564
19 57 139 0.3967549754172843 0.00324502458271575
19 58 149 0.3997938069452533 2.0619305474672833E-4
19 59 130 0.3895226535368419 0.010477346463158121
19 59 140 0.3908855567003454 0.009114443299654607
19 60 150 0.3950761572397197 0.004923842760280295
19 64 74 0.39708039434209386 0.0029196056579061658
19 65 66 0.17379462183570304 0.22620537816429698
19 65 73 0.38501488694734676 0.014985113052653265
19 65 75 0.3911307310579304 0.00886926894206963
19 66 75 0.3495260905837635 0.05047390941623653
19 66 76 0.3756293523169275 0.02437064768307251
19 66 148 0.38712408398098336 0.012875916019016664
19 67 68 0.3874814432147507 0.012518556785249324
19 67 78 0.3921793619985044 0.007820638001495628
19 67 147 0.3917817500934787 0.008218249906521313
19 68 113 0.1519465278900106 0.24805347210998943
19 68 130 0.387152781354016 0.012847218645984038
19 69 133 0.37526562781856465 0.02473437218143537
19 70 113 0.3970373763770475 0.0029626236229525205
19 71 72 0.3930990288417206 0.006900971158279423
19 71 81 0.39282475320130344 0.007175246798696577
19 74 136 0.3993895813076211 6.104186923789334E-4
19 75 145 0.39008537704416063 0.009914622955839392
19 76 139 0.3932863722063477 0.00671362779365231
19 76 146 0.39983629511544067 1.6370488455935694E-4
19 78 80 0.3994641942191475 5.358057808525496E-4
19 79 80 0.3761923751343309 0.02380762486566912
19 79 81 0.33402962409300196 0.06597037590699806
19 85 93 0.3938689144318156 0.0061310855681844245
19 86 93 0.3981895805746178 0.001810419425382237
19 87 88 0.01331403128403562 0.3866859687159644
19 91 101 0.3937354693916596 0.006264530608340424
19 92 102 0.39476308238976177 0.005236917610238256
19 95 97 0.3941247007239944 0.005875299276005608
19 96 105 0.39610821613431585 0.003891783865684173
19 109 118 0.3905410035976431 0.009458996402356923
19 109 128 0.004715395330858869 0.39528460466914117
19 118 128 0.39211239127154207 0.007887608728457951
19 127 137 0.3980553128330334 0.0019446871669666077
19 129 137 0.39228753097096974 0.007712469029030278
19 130 138 0.3994306428824896 5.693571175104384E-4
19 138 149 0.39186229612612394 0.008137703873876079
20 1 10 0.39677209285250326 0.003227907147496767
20 1 82 0.0 0.4
20 2 3 0.39267373344136275 0.007326266558637273
20 2 84 0.39267373344136275 0.007326266558637273
20 2 85 0.010207198713129337 0.38979280128687066
20 3 84 0.0 0.4
20 4 85 0.3918125503935864 0.0081874496064136
20 4 93 0.004518843001807555 0.3954811569981925
20 5 25 0.23872763665882343 0.1612723633411766
20 5 88 0.3918850186784694 0.008114981321530601
20 5 89 0.39324379095809936 0.006756209041900663
20 6 7 0.02335085383112368 0.37664914616887635
20 6 86 0.3919472360294689 0.008052763970531118
20 6 97 0.39504875356542113 0.004951246434578893
20 8 33 0.3869461295349595 0.013053870465040529
20 8 106 0.2394641330222236 0.16053586697777641
20 8 108 0.38213770278283427 0.017862297217165757
20 10 11 0.39677209285250326 0.003227907147496767
20 10 82 0.39677209285250326 0.003227907147496767
20 10 83 0.007442739864109366 0.39255726013589065
20 11 92 0.397992274235923 0.0020077257640770396
20 13 15 0.3963052507332172 0.0036947492667828152
20 13 112 0.3977180553546414 0.0022819446453586356
20 14 93 0.3972411568616894 0.002758843138310596
20 15 24 0.3966682940728603 0.0033317059271397165
20 15 97 0.39513836623512616 0.004861633764873863
20 17 87 0.3887888098005609 0.011211190199439114
20 17 106 0.39509344749281644 0.004906552507183581
20 19 100 0.39703581207881855 0.0029641879211814715
20 19 101 0.008696673390619806 0.3913033266093802
20 20 21 0.3961302337055744 0.0038697662944256472
20 20 111 0.3922440120279258 0.007755987972074219
20 21 22 0.39875902347523484 0.0012409765247651805
20 21 103 0.39326863497139597 0.006731365028604053
20 22 112 0.3912995567482786 0.008700443251721424
20 24 95 0.399675031967835 3.2496803216502945E-4
20 25 87 0.389037063383115 0.010962936616885022
20 25 90 0.3847554709922306 0.015244529007769403
20 28 100 0.004965373593355873 0.39503462640664416
20 29 120 0.3920981263380601 0.007901873661939895
20 32 132 0.3922997641869463 0.007700235813053735
20 37 46 0.3932874996559843 0.006712500344015715
20 37 136 0.09679854831712391 0.3032014516828761
20 38 109 0.39587617970855626 0.004123820291443758
20 39 111 0.39466945152080685 0.005330548479193176
20 39 149 0.3939713407134314 0.0060286592865686495
20 46 64 0.39449914756019705 0.005500852439802972
20 46 136 0.3955960798674506 0.0044039201325494215
20 47 127 0.007279011269655612 0.3927209887303444
20 48 58 0.3940488582664161 0.005951141733583909
20 49 133 0.3925554430883599 0.007444556911640143
20 50 59 0.37604559774287377 0.02395440225712625
20 50 69 0.3828722149556259 0.017127785044374122
20 52 72 0.39352049144565077 0.006479508554349256
20 52 132 0.3908523099200384 0.009147690079961635
20 55 56 0.39743553378126045 0.0025644662187395695
20 56 64 0.39129775925339727 0.008702240746602752
20 56 137 0.39695463443904744 0.0030453655609525843
20 56 145 0.39644729775170207 0.0035527022482979564
20 57 139 0.3967549754172843 0.00324502458271575
20 58 149 0.3997938069452533 2.0619305474672833E-4
20 59 130 0.3895226535368419 0.010477346463158121
20 59 140 0.3908855567003454 0.009114443299654607
20 60 68 0.38060354249811945 0.01939645750188057
20 64 74 0.39937739537618794 6.226046238120841E-4
20 65 66 0.17379462183570304 0.22620537816429698
20 65 73 0.38501488694734676 0.014985113052653265
20 65 74 0.3937022581823196 0.006297741817680447
20 65 75 0.3911307310579304 0.00886926894206963
20 66 75 0.3495260905837635 0.05047390941623653
20 66 76 0.3756293523169275 0.02437064768307251
20 66 148 0.38712408398098336 0.012875916019016664
20 67 78 0.3921793619985044 0.007820638001495628
20 67 113 0.3895254560688929 0.010474543931107139
20 67 147 0.3917817500934787 0.008218249906521313
20 68 69 0.3832192183620414 0.016780781637958597
20 68 113 0.39032833652702836 0.009671663472971659
20 69 133 0.37526562781856465 0.02473437218143537
20 70 78 0.39512830319804326 0.00487169680195676
20 70 80 0.39341424620782467 0.006585753792175353
20 71 72 0.3930990288417206 0.006900971158279423
20 71 81 0.39282475320130344 0.007175246798696577
20 73 74 0.009433846066329124 0.3905661539336709
20 74 136 0.3919939705065768 0.008006029493423217
20 75 145 0.39008537704416063 0.009914622955839392
20 76 139 0.3932863722063477 0.00671362779365231
20 76 146 0.39983629511544067 1.6370488455935694E-4
20 78 80 0.3994641942191475 5.358057808525496E-4
20 79 80 0.3761923751343309 0.02380762486566912
20 79 81 0.33402962409300196 0.06597037590699806
20 85 93 0.3938689144318156 0.0061310855681844245
20 86 93 0.3981895805746178 0.001810419425382237
20 87 96 0.3895159029606906 0.010484097039309415
20 91 101 0.3937354693916596 0.006264530608340424
20 92 102 0.39476308238976177 0.005236917610238256
20 95 97 0.3941247007239944 0.005875299276005608
20 104 123 0.39486781541927934 0.005132184580720678
20 109 118 0.3905410035976431 0.009458996402356923
20 109 128 0.004715395330858869 0.39528460466914117
20 113 130 0.3891757743193624 0.010824225680637622
20 118 128 0.39211239127154207 0.007887608728457951
20 127 137 0.3980553128330334 0.0019446871669666077
20 129 137 0.39228753097096974 0.007712469029030278
20 130 138 0.3994306428824896 5.693571175104384E-4
20 138 149 0.39186229612612394 0.008137703873876079
21 1 10 0.39677209285250326 0.003227907147496767
21 1 82 0.0 0.4
21 2 3 0.39267373344136275 0.007326266558637273
21 2 84 0.39267373344136275 0.007326266558637273
21 2 85 0.010207198713129337 0.38979280128687066
21 3 84 0.0 0.4
21 4 85 0.3918125503935864 0.0081874496064136
21 5 25 0.23872763665882343 0.1612723633411766
21 5 88 0.3918850186784694 0.008114981321530601
21 5 89 0.39324379095809936 0.006756209041900663
21 6 15 0.3862380213835756 0.01376197861642442
21 6 96 0.2298357271687743 0.17016427283122573
21 6 105 0.38290201310679295 0.017097986893207073
21 7 93 0.021509930566397113 0.3784900694336029
21 8 106 0.2394641330222236 0.16053586697777641
21 10 11 0.39677209285250326 0.003227907147496767
21 10 82 0.39677209285250326 0.003227907147496767
21 10 83 0.007442739864109366 0.39255726013589065
21 11 92 0.397992274235923 0.0020077257640770396
21 13 15 0.3963052507332172 0.0036947492667828152
21 13 112 0.3977180553546414 0.0022819446453586356
21 15 24 0.3966682940728603 0.0033317059271397165
21 15 97 0.39513836623512616 0.004861633764873863
21 17 87 0.3887888098005609 0.011211190199439114
21 17 106 0.39509344749281644 0.004906552507183581
21 19 100 0.39703581207881855 0.0029641879211814715
21 19 101 0.008696673390619806 0.3913033266093802
21 20 21 0.3961302337055744 0.0038697662944256472
21 20 111 0.3922440120279258 0.007755987972074219
21 21 22 0.39875902347523484 0.0012409765247651805
21 21 103 0.39326863497139597 0.006731365028604053
21 22 112 0.3912995567482786 0.008700443251721424
21 24 95 0.399675031967835 3.2496803216502945E-4
21 25 87 0.389037063383115 0.010962936616885022
21 25 90 0.3847554709922306 0.015244529007769403
21 28 100 0.004965373593355873 0.39503462640664416
21 29 120 0.3920981263380601 0.007901873661939895
21 32 132 0.3922997641869463 0.007700235813053735
21 37 46 0.3932874996559843 0.006712500344015715
21 37 136 0.09679854831712391 0.3032014516828761
21 38 109 0.39587617970855626 0.004123820291443758
21 39 111 0.39466945152080685 0.005330548479193176
21 39 149 0.3939713407134314 0.0060286592865686495
21 46 64 0.39449914756019705 0.005500852439802972
21 46 136 0.3955960798674506 0.0044039201325494215
21 47 127 0.3919698735541054 0.008030126445894625
21 48 58 0.3940488582664161 0.005951141733583909
21 49 133 0.3925554430883599 0.007444556911640143
21 50 59 0.37604559774287377 0.02395440225712625
21 50 69 0.3828722149556259 0.017127785044374122
21 52 132 0.3908523099200384 0.009147690079961635
21 55 56 0.39743553378126045 0.0025644662187395695
21 55 127 0.012398918240358681 0.38760108175964136
21 56 64 0.39129775925339727 0.008702240746602752
21 56 127 0.3977984042753405 0.0022015957246594997
21 56 137 0.39695463443904744 0.0030453655609525843
21 56 145 0.39644729775170207 0.0035527022482979564
21 57 139 0.3967549754172843 0.00324502458271575
21 58 149 0.3997938069452533 2.0619305474672833E-4
21 59 130 0.3895226535368419 0.010477346463158121
21 59 140 0.3908855567003454 0.009114443299654607
21 60 68 0.38060354249811945 0.01939645750188057
21 64 74 0.39937739537618794 6.226046238120841E-4
21 65 66 0.17379462183570304 0.22620537816429698
21 65 73 0.38501488694734676 0.014985113052653265
21 65 74 0.3937022581823196 0.006297741817680447
21 65 75 0.3911307310579304 0.00886926894206963
21 66 75 0.3495260905837635 0.05047390941623653
21 66 76 0.3756293523169275 0.02437064768307251
21 66 148 0.38712408398098336 0.012875916019016664
21 67 78 0.3921793619985044 0.007820638001495628
21 67 113 0.3895254560688929 0.010474543931107139
21 67 147 0.3917817500934787 0.008218249906521313
21 68 69 0.3832192183620414 0.016780781637958597
21 68 113 0.39032833652702836 0.009671663472971659
21 69 133 0.37526562781856465 0.02473437218143537
21 70 78 0.39512830319804326 0.00487169680195676
21 70 80 0.39341424620782467 0.006585753792175353
21 71 81 0.39282475320130344 0.007175246798696577
21 73 74 0.009433846066329124 0.3905661539336709
21 74 136 0.3919939705065768 0.008006029493423217
21 75 145 0.39008537704416063 0.009914622955839392
21 76 139 0.3932863722063477 0.00671362779365231
21 76 146 0.39983629511544067 1.6370488455935694E-4
21 78 80 0.3994641942191475 5.358057808525496E-4
21 79 80 0.3761923751343309 0.02380762486566912
21 79 81 0.33402962409300196 0.06597037590699806
21 86 93 0.3924948321791794 0.007505167820820613
21 87 96 0.3895159029606906 0.010484097039309415
21 91 101 0.3937354693916596 0.006264530608340424
21 92 102 0.39476308238976177 0.005236917610238256
21 95 97 0.3941247007239944 0.005875299276005608
21 104 123 0.39486781541927934 0.005132184580720678
21 109 118 0.3905410035976431 0.009458996402356923
21 109 128 0.004715395330858869 0.39528460466914117
21 113 130 0.3891757743193624 0.010824225680637622
21 118 128 0.39211239127154207 0.007887608728457951
21 129 137 0.39228753097096974 0.007712469029030278
21 130 138 0.3994306428824896 5.693571175104384E-4
21 138 149 0.39186229612612394 0.008137703873876079
22 1 10 0.39677209285250326 0.003227907147496767
22 1 82 0.0 0.4
22 2 3 0.39267373344136275 0.007326266558637273
22 2 84 0.39267373344136275 0.007326266558637273
22 2 85 0.010207198713129337 0.38979280128687066
22 3 84 0.0 0.4
22 4 85 0.3918125503935864 0.0081874496064136
22 5 8 0.38417185335877985 0.015828146641220175
22 5 17 0.38381306840747514 0.016186931592524878
22 5 90 0.3815502933150653 0.01844970668493473
22 6 15 0.3862380213835756 0.01376197861642442
22 6 96 0.37704595111488254 0.022954048885117484
22 7 93 0.021509930566397113 0.3784900694336029
22 8 106 0.38487626542036746 0.015123734579632564
22 10 11 0.39677209285250326 0.003227907147496767
22 10 82 0.39677209285250326 0.003227907147496767
22 10 83 0.007442739864109366 0.39255726013589065
22 11 92 0.397992274235923 0.0020077257640770396
22 13 15 0.3963052507332172 0.0036947492667828152
22 13 112 0.3977180553546414 0.0022819446453586356
22 15 24 0.3966682940728603 0.0033317059271397165
22 15 97 0.39513836623512616 0.004861633764873863
22 17 87 0.3887888098005609 0.011211190199439114
22 19 100 0.39703581207881855 0.0029641879211814715
22 19 101 0.008696673390619806 0.3913033266093802
22 20 21 0.3961302337055744 0.0038697662944256472
22 20 111 0.3922440120279258 0.007755987972074219
22 21 22 0.39875902347523484 0.0012409765247651805
22 21 103 0.39326863497139597 0.006731365028604053
22 22 112 0.3912995567482786 0.008700443251721424
22 24 95 0.399675031967835 3.2496803216502945E-4
22 25 89 0.39235500532425527 0.007644994675744754
22 28 100 0.004965373593355873 0.39503462640664416
22 29 120 0.3920981263380601 0.007901873661939895
22 32 106 0.3852861015676181 0.014713898432381911
22 32 131 0.3953728359184062 0.004627164081593804
22 37 46 0.3932874996559843 0.006712500344015715
22 37 136 0.09679854831712391 0.3032014516828761
22 38 109 0.39587617970855626 0.004123820291443758
22 39 111 0.39466945152080685 0.005330548479193176
22 39 149 0.3939713407134314 0.0060286592865686495
22 46 64 0.39449914756019705 0.005500852439802972
22 46 136 0.3955960798674506 0.0044039201325494215
22 47 127 0.3919698735541054 0.008030126445894625
22 48 58 0.3940488582664161 0.005951141733583909
22 49 133 0.3925554430883599 0.007444556911640143
22 50 59 0.37604559774287377 0.02395440225712625
22 50 69 0.3828722149556259 0.017127785044374122
22 55 56 0.39743553378126045 0.0025644662187395695
22 55 127 0.012398918240358681 0.38760108175964136
22 56 64 0.39129775925339727 0.008702240746602752
22 56 127 0.3977984042753405 0.0022015957246594997
22 56 137 0.39695463443904744 0.0030453655609525843
22 56 145 0.39644729775170207 0.0035527022482979564
22 57 139 0.3967549754172843 0.00324502458271575
22 58 149 0.3997938069452533 2.0619305474672833E-4
22 59 130 0.3895226535368419 0.010477346463158121
22 59 140 0.3908855567003454 0.009114443299654607
22 60 68 0.38060354249811945 0.01939645750188057
22 64 74 0.39937739537618794 6.226046238120841E-4
22 65 66 0.17379462183570304 0.22620537816429698
22 65 73 0.38501488694734676 0.014985113052653265
22 65 74 0.3937022581823196 0.006297741817680447
22 65 75 0.3911307310579304 0.00886926894206963
22 66 75 0.3495260905837635 0.05047390941623653
22 66 76 0.3756293523169275 0.02437064768307251
22 66 148 0.38712408398098336 0.012875916019016664
22 67 78 0.3921793619985044 0.007820638001495628
22 67 113 0.3895254560688929 0.010474543931107139
22 67 147 0.3917817500934787 0.008218249906521313
22 68 69 0.3832192183620414 0.016780781637958597
22 68 113 0.39032833652702836 0.009671663472971659
22 69 133 0.37526562781856465 0.02473437218143537
22 70 78 0.39512830319804326 0.00487169680195676
22 70 80 0.39341424620782467 0.006585753792175353
22 71 81 0.39282475320130344 0.007175246798696577
22 73 74 0.009433846066329124 0.3905661539336709
22 74 136 0.3919939705065768 0.008006029493423217
22 75 145 0.39008537704416063 0.009914622955839392
22 76 139 0.3932863722063477 0.00671362779365231
22 76 146 0.39983629511544067 1.6370488455935694E-4
22 78 80 0.3994641942191475 5.358057808525496E-4
22 79 80 0.3761923751343309 0.02380762486566912
22 79 81 0.33402962409300196 0.06597037590699806
22 86 93 0.3924948321791794 0.007505167820820613
22 88 96 0.2789474745823651 0.12105252541763495
22 91 101 0.3937354693916596 0.006264530608340424
22 92 102 0.39476308238976177 0.005236917610238256
22 95 97 0.3941247007239944 0.005875299276005608
22 105 123 0.3926840298178331 0.007315970182166898
22 109 118 0.3905410035976431 0.009458996402356923
22 109 128 0.004715395330858869 0.39528460466914117
22 113 130 0.3891757743193624 0.010824225680637622
22 118 128 0.39211239127154207 0.007887608728457951
22 129 137 0.39228753097096974 0.007712469029030278
22 130 138 0.3994306428824896 5.693571175104384E-4
22 131 133 0.3966225732308316 0.0033774267691684123
22 138 149 0.39186229612612394 0.008137703873876079
23 1 10 0.39677209285250326 0.003227907147496767
23 1 82 0.0 0.4
23 2 3 0.39267373344136275 0.007326266558637273
23 2 84 0.39267373344136275 0.007326266558637273
23 2 85 0.010207198713129337 0.38979280128687066
23 3 84 0.0 0.4
23 4 85 0.3918125503935864 0.0081874496064136
23 5 17 0.38381306840747514 0.016186931592524878
23 5 90 0.3815502933150653 0.01844970668493473
23 6 15 0.3862380213835756 0.01376197861642442
23 6 96 0.37704595111488254 0.022954048885117484
23 7 93 0.021509930566397113 0.3784900694336029
23 10 11 0.39677209285250326 0.003227907147496767
23 10 82 0.39677209285250326 0.003227907147496767
23 10 83 0.007442739864109366 0.39255726013589065
23 11 92 0.397992274235923 0.0020077257640770396
23 13 15 0.3963052507332172 0.0036947492667828152
23 13 112 0.3977180553546414 0.0022819446453586356
23 15 24 0.3966682940728603 0.0033317059271397165
23 15 97 0.39513836623512616 0.004861633764873863
23 17 87 0.3887888098005609 0.011211190199439114
23 19 100 0.39703581207881855 0.0029641879211814715
23 19 101 0.008696673390619806 0.3913033266093802
23 20 21 0.3961302337055744 0.0038697662944256472
23 21 22 0.39875902347523484 0.0012409765247651805
23 21 103 0.39326863497139597 0.006731365028604053
23 22 112 0.3912995567482786 0.008700443251721424
23 24 95 0.399675031967835 3.2496803216502945E-4
23 25 89 0.39235500532425527 0.007644994675744754
23 28 100 0.004965373593355873 0.39503462640664416
23 29 120 0.3920981263380601 0.007901873661939895
23 37 46 0.3932874996559843 0.006712500344015715
23 37 136 0.09679854831712391 0.3032014516828761
23 38 109 0.39587617970855626 0.004123820291443758
23 39 111 0.39996333349299196 3.6666507008065174E-5
23 39 149 0.3939713407134314 0.0060286592865686495
23 40 111 0.39608023685282684 0.003919763147173183
23 46 64 0.39449914756019705 0.005500852439802972
23 46 136 0.3955960798674506 0.0044039201325494215
23 47 127 0.3919698735541054 0.008030126445894625
23 48 58 0.3940488582664161 0.005951141733583909
23 50 59 0.37604559774287377 0.02395440225712625
23 50 69 0.3828722149556259 0.017127785044374122
23 55 56 0.39743553378126045 0.0025644662187395695
23 55 127 0.012398918240358681 0.38760108175964136
23 56 64 0.39129775925339727 0.008702240746602752
23 56 127 0.3977984042753405 0.0022015957246594997
23 56 137 0.39695463443904744 0.0030453655609525843
23 56 145 0.39644729775170207 0.0035527022482979564
23 57 139 0.3967549754172843 0.00324502458271575
23 58 149 0.3997938069452533 2.0619305474672833E-4
23 59 130 0.3895226535368419 0.010477346463158121
23 59 140 0.3908855567003454 0.009114443299654607
23 60 68 0.38060354249811945 0.01939645750188057
23 64 74 0.39937739537618794 6.226046238120841E-4
23 65 66 0.17379462183570304 0.22620537816429698
23 65 73 0.38501488694734676 0.014985113052653265
23 65 74 0.3937022581823196 0.006297741817680447
23 65 75 0.3911307310579304 0.00886926894206963
23 66 75 0.3495260905837635 0.05047390941623653
23 66 76 0.3756293523169275 0.02437064768307251
23 66 148 0.38712408398098336 0.012875916019016664
23 67 78 0.3921793619985044 0.007820638001495628
23 67 113 0.3895254560688929 0.010474543931107139
23 67 147 0.3917817500934787 0.008218249906521313
23 68 69 0.3832192183620414 0.016780781637958597
23 68 113 0.39032833652702836 0.009671663472971659
23 71 81 0.39282475320130344 0.007175246798696577
23 73 74 0.009433846066329124 0.3905661539336709
23 74 136 0.3919939705065768 0.008006029493423217
23 75 145 0.39008537704416063 0.009914622955839392
23 76 139 0.3932863722063477 0.00671362779365231
23 76 146 0.39983629511544067 1.6370488455935694E-4
23 78 80 0.3994641942191475 5.358057808525496E-4
23 79 80 0.3761923751343309 0.02380762486566912
23 79 81 0.33402962409300196 0.06597037590699806
23 86 93 0.3924948321791794 0.007505167820820613
23 88 96 0.2789474745823651 0.12105252541763495
23 91 101 0.3937354693916596 0.006264530608340424
23 92 102 0.39476308238976177 0.005236917610238256
23 95 97 0.3941247007239944 0.005875299276005608
23 104 123 0.3874823206171936 0.012517679382806401
23 104 131 0.38935811368726936 0.010641886312730664
23 104 133 0.39851703684955175 0.0014829631504482688
23 105 123 0.3926840298178331 0.007315970182166898
23 109 118 0.3905410035976431 0.009458996402356923
23 109 128 0.004715395330858869 0.39528460466914117
23 113 130 0.3891757743193624 0.010824225680637622
23 118 128 0.39211239127154207 0.007887608728457951
23 123 133 0.3968258818518391 0.0031741181481609315
23 129 137 0.39228753097096974 0.007712469029030278
23 130 138 0.3994306428824896 5.693571175104384E-4
23 138 149 0.39186229612612394 0.008137703873876079
24 1 10 0.39677209285250326 0.003227907147496767
24 1 82 0.0 0.4
24 2 3 0.39267373344136275 0.007326266558637273
24 2 84 0.39267373344136275 0.007326266558637273
24 2 85 0.010207198713129337 0.38979280128687066
24 3 84 0.0 0.4
24 4 85 0.3918125503935864 0.0081874496064136
24 5 17 0.38381306840747514 0.016186931592524878
24 5 87 0.3996796105803235 3.2038941967654777E-4
24 5 90 0.3815502933150653 0.01844970668493473
24 6 15 0.3862380213835756 0.01376197861642442
24 6 96 0.37704595111488254 0.022954048885117484
24 7 93 0.021509930566397113 0.3784900694336029
24 10 11 0.39677209285250326 0.003227907147496767
24 10 82 0.39677209285250326 0.003227907147496767
24 10 83 0.007442739864109366 0.39255726013589065
24 11 92 0.397992274235923 0.0020077257640770396
24 13 15 0.3963052507332172 0.0036947492667828152
24 13 40 0.39098862745282104 0.009011372547178986
24 13 112 0.3977180553546414 0.0022819446453586356
24 15 24 0.3966682940728603 0.0033317059271397165
24 15 97 0.39513836623512616 0.004861633764873863
24 19 100 0.39703581207881855 0.0029641879211814715
24 19 101 0.008696673390619806 0.3913033266093802
24 21 22 0.39875902347523484 0.0012409765247651805
24 21 103 0.39326863497139597 0.006731365028604053
24 22 112 0.3912995567482786 0.008700443251721424
24 24 95 0.399675031967835 3.2496803216502945E-4
24 25 89 0.39235500532425527 0.007644994675744754
24 28 100 0.004965373593355873 0.39503462640664416
24 37 46 0.3932874996559843 0.006712500344015715
24 37 136 0.09679854831712391 0.3032014516828761
24 38 109 0.39587617970855626 0.004123820291443758
24 39 149 0.3939713407134314 0.0060286592865686495
24 40 111 0.396451884502732 0.003548115497268023
24 46 64 0.39449914756019705 0.005500852439802972
24 46 136 0.3955960798674506 0.0044039201325494215
24 47 127 0.3919698735541054 0.008030126445894625
24 48 58 0.3940488582664161 0.005951141733583909
24 49 133 0.39960639087414246 3.936091258575636E-4
24 50 59 0.37604559774287377 0.02395440225712625
24 55 56 0.39743553378126045 0.0025644662187395695
24 55 127 0.012398918240358681 0.38760108175964136
24 56 64 0.39129775925339727 0.008702240746602752
24 56 127 0.3977984042753405 0.0022015957246594997
24 56 137 0.39695463443904744 0.0030453655609525843
24 56 145 0.39644729775170207 0.0035527022482979564
24 57 139 0.3967549754172843 0.00324502458271575
24 58 149 0.3997938069452533 2.0619305474672833E-4
24 59 130 0.3895226535368419 0.010477346463158121
24 59 140 0.3908855567003454 0.009114443299654607
24 60 68 0.38060354249811945 0.01939645750188057
24 64 74 0.39937739537618794 6.226046238120841E-4
24 65 66 0.17379462183570304 0.22620537816429698
24 65 73 0.38501488694734676 0.014985113052653265
24 65 74 0.3937022581823196 0.006297741817680447
24 65 75 0.3911307310579304 0.00886926894206963
24 66 75 0.3495260905837635 0.05047390941623653
24 66 76 0.3756293523169275 0.02437064768307251
24 66 148 0.38712408398098336 0.012875916019016664
24 67 78 0.3921793619985044 0.007820638001495628
24 67 113 0.3895254560688929 0.010474543931107139
24 67 147 0.3917817500934787 0.008218249906521313
24 68 113 0.39032833652702836 0.009671663472971659
24 71 81 0.39282475320130344 0.007175246798696577
24 73 74 0.009433846066329124 0.3905661539336709
24 74 136 0.3919939705065768 0.008006029493423217
24 75 145 0.39008537704416063 0.009914622955839392
24 76 139 0.3932863722063477 0.00671362779365231
24 76 146 0.39983629511544067 1.6370488455935694E-4
24 78 80 0.3994641942191475 5.358057808525496E-4
24 79 80 0.3761923751343309 0.02380762486566912
24 79 81 0.33402962409300196 0.06597037590699806
24 86 93 0.3924948321791794 0.007505167820820613
24 88 96 0.2789474745823651 0.12105252541763495
24 91 101 0.3937354693916596 0.006264530608340424
24 92 102 0.39476308238976177 0.005236917610238256
24 95 97 0.3941247007239944 0.005875299276005608
24 104 123 0.3874823206171936 0.012517679382806401
24 104 133 0.39851703684955175 0.0014829631504482688
24 105 123 0.3926840298178331 0.007315970182166898
24 106 131 0.39638025515581365 0.0036197448441863678
24 109 118 0.3905410035976431 0.009458996402356923
24 109 128 0.004715395330858869 0.39528460466914117
24 113 130 0.3891757743193624 0.010824225680637622
24 118 128 0.39211239127154207 0.007887608728457951
24 123 133 0.3968258818518391 0.0031741181481609315
24 129 137 0.39228753097096974 0.007712469029030278
24 130 138 0.3994306428824896 5.693571175104384E-4
24 138 149 0.39186229612612394 0.008137703873876079
25 1 10 0.39677209285250326 0.003227907147496767
25 1 82 0.0 0.4
25 2 4 0.010189714070313157 0.38981028592968686
25 2 14 0.3989570899294876 0.0010429100705124372
25 2 86 0.39026439862252604 0.00973560137747398
25 3 84 0.0 0.4
25 4 85 0.3918125503935864 0.0081874496064136
25 5 17 0.38381306840747514 0.016186931592524878
25 5 87 0.3996796105803235 3.2038941967654777E-4
25 5 90 0.3815502933150653 0.01844970668493473
25 6 87 0.3937880476211838 0.006211952378816221
25 6 93 0.12624070189800848 0.2737592981019915
25 6 105 0.3927094016012776 0.007290598398722425
25 10 11 0.39677209285250326 0.003227907147496767
25 10 82 0.39677209285250326 0.003227907147496767
25 10 83 0.007442739864109366 0.39255726013589065
25 11 92 0.397992274235923 0.0020077257640770396
25 13 15 0.3963052507332172 0.0036947492667828152
25 13 112 0.3977180553546414 0.0022819446453586356
25 15 24 0.3966682940728603 0.0033317059271397165
25 15 93 0.39435907092866085 0.0056409290713391735
25 15 97 0.39513836623512616 0.004861633764873863
25 19 100 0.39475062958515117 0.005249370414848853
25 19 118 0.17980782385655267 0.22019217614344735
25 19 119 0.3838820347797734 0.016117965220226627
25 21 22 0.39875902347523484 0.0012409765247651805
25 21 103 0.39326863497139597 0.006731365028604053
25 22 112 0.3912995567482786 0.008700443251721424
25 24 95 0.399675031967835 3.2496803216502945E-4
25 25 89 0.39235500532425527 0.007644994675744754
25 28 91 0.3949892571846014 0.0050107428153985945
25 28 101 0.007471498324044263 0.39252850167595577
25 37 46 0.3932874996559843 0.006712500344015715
25 37 136 0.09679854831712391 0.3032014516828761
25 38 109 0.39587617970855626 0.004123820291443758
25 39 149 0.3939713407134314 0.0060286592865686495
25 46 64 0.39449914756019705 0.005500852439802972
25 46 136 0.3955960798674506 0.0044039201325494215
25 47 127 0.3919698735541054 0.008030126445894625
25 48 58 0.3940488582664161 0.005951141733583909
25 49 133 0.39960639087414246 3.936091258575636E-4
25 50 59 0.37604559774287377 0.02395440225712625
25 50 68 0.39329234781527705 0.0067076521847229675
25 55 56 0.39743553378126045 0.0025644662187395695
25 55 127 0.012398918240358681 0.38760108175964136
25 56 64 0.39129775925339727 0.008702240746602752
25 56 127 0.3977984042753405 0.0022015957246594997
25 56 137 0.39695463443904744 0.0030453655609525843
25 56 145 0.39644729775170207 0.0035527022482979564
25 57 139 0.3967549754172843 0.00324502458271575
25 58 149 0.3997938069452533 2.0619305474672833E-4
25 59 130 0.3895226535368419 0.010477346463158121
25 59 140 0.3908855567003454 0.009114443299654607
25 60 68 0.3951532018841419 0.004846798115858142
25 64 74 0.39937739537618794 6.226046238120841E-4
25 65 66 0.17379462183570304 0.22620537816429698
25 65 73 0.38501488694734676 0.014985113052653265
25 65 74 0.3937022581823196 0.006297741817680447
25 65 75 0.3911307310579304 0.00886926894206963
25 66 75 0.3495260905837635 0.05047390941623653
25 66 76 0.3756293523169275 0.02437064768307251
25 66 148 0.38712408398098336 0.012875916019016664
25 67 78 0.3921793619985044 0.007820638001495628
25 67 113 0.3895254560688929 0.010474543931107139
25 67 147 0.3917817500934787 0.008218249906521313
25 71 81 0.39282475320130344 0.007175246798696577
25 73 74 0.009433846066329124 0.3905661539336709
25 74 136 0.3919939705065768 0.008006029493423217
25 75 145 0.39008537704416063 0.009914622955839392
25 76 139 0.3932863722063477 0.00671362779365231
25 76 146 0.39983629511544067 1.6370488455935694E-4
25 78 80 0.3994641942191475 5.358057808525496E-4
25 79 80 0.3761923751343309 0.02380762486566912
25 79 81 0.33402962409300196 0.06597037590699806
25 88 96 0.2789474745823651 0.12105252541763495
25 91 101 0.3937354693916596 0.006264530608340424
25 92 102 0.39476308238976177 0.005236917610238256
25 93 96 0.39252096865550534 0.00747903134449468
25 95 97 0.3941247007239944 0.005875299276005608
25 105 123 0.3926840298178331 0.007315970182166898
25 109 118 0.3905410035976431 0.009458996402356923
25 109 128 0.004715395330858869 0.39528460466914117
25 113 130 0.3891757743193624 0.010824225680637622
25 118 128 0.39211239127154207 0.007887608728457951
25 119 120 0.394893218107068 0.005106781892932011
25 123 133 0.3968258818518391 0.0031741181481609315
25 129 137 0.39228753097096974 0.007712469029030278
25 130 138 0.3994306428824896 5.693571175104384E-4
25 138 149 0.39186229612612394 0.008137703873876079
26 1 10 0.39677209285250326 0.003227907147496767
26 1 82 0.0 0.4
26 1 84 0.39680002689289096 0.0031999731071090665
26 2 4 0.010189714070313157 0.38981028592968686
26 2 14 0.3989570899294876 0.0010429100705124372
26 2 86 0.39026439862252604 0.00973560137747398
26 4 83 0.39090179124216545 0.00909820875783457
26 4 85 0.3918125503935864 0.0081874496064136
26 5 6 0.3820162004675635 0.017983799532436506
26 5 17 0.38381306840747514 0.016186931592524878
26 5 87 0.3996796105803235 3.2038941967654777E-4
26 5 90 0.3815502933150653 0.01844970668493473
26 6 17 0.33085372411759867 0.06914627588240135
26 6 31 0.38291479166843534 0.017085208331564683
26 10 11 0.39677209285250326 0.003227907147496767
26 10 82 0.39677209285250326 0.003227907147496767
26 10 84 0.004380896811499856 0.3956191031885002
26 11 92 0.397992274235923 0.0020077257640770396
26 13 15 0.3963052507332172 0.0036947492667828152
26 13 112 0.3977180553546414 0.0022819446453586356
26 15 24 0.3966682940728603 0.0033317059271397165
26 15 97 0.39513836623512616 0.004861633764873863
26 19 100 0.39475062958515117 0.005249370414848853
26 19 118 0.17980782385655267 0.22019217614344735
26 19 119 0.3838820347797734 0.016117965220226627
26 21 22 0.39875902347523484 0.0012409765247651805
26 21 103 0.39326863497139597 0.006731365028604053
26 22 112 0.3912995567482786 0.008700443251721424
26 24 95 0.399675031967835 3.2496803216502945E-4
26 25 89 0.39235500532425527 0.007644994675744754
26 28 91 0.3949892571846014 0.0050107428153985945
26 28 101 0.007471498324044263 0.39252850167595577
26 31 131 0.38946846633599574 0.010531533664004278
26 37 46 0.3932874996559843 0.006712500344015715
26 37 136 0.09679854831712391 0.3032014516828761
26 38 109 0.39587617970855626 0.004123820291443758
26 39 149 0.3939713407134314 0.0060286592865686495
26 46 64 0.39449914756019705 0.005500852439802972
26 46 136 0.3955960798674506 0.0044039201325494215
26 47 127 0.3919698735541054 0.008030126445894625
26 48 58 0.3940488582664161 0.005951141733583909
26 50 59 0.37604559774287377 0.02395440225712625
26 52 60 0.3927748168553564 0.007225183144643599
26 55 56 0.39743553378126045 0.0025644662187395695
26 55 127 0.012398918240358681 0.38760108175964136
26 56 64 0.39129775925339727 0.008702240746602752
26 56 127 0.3977984042753405 0.0022015957246594997
26 56 137 0.39695463443904744 0.0030453655609525843
26 56 145 0.39644729775170207 0.0035527022482979564
26 57 139 0.3967549754172843 0.00324502458271575
26 58 149 0.3997938069452533 2.0619305474672833E-4
26 59 130 0.3895226535368419 0.010477346463158121
26 60 68 0.3920949654983115 0.007905034501688502
26 64 74 0.39937739537618794 6.226046238120841E-4
26 65 66 0.17379462183570304 0.22620537816429698
26 65 73 0.38501488694734676 0.014985113052653265
26 65 74 0.3937022581823196 0.006297741817680447
26 65 75 0.3911307310579304 0.00886926894206963
26 66 75 0.3495260905837635 0.05047390941623653
26 66 76 0.3756293523169275 0.02437064768307251
26 66 148 0.38712408398098336 0.012875916019016664
26 67 78 0.3921793619985044 0.007820638001495628
26 67 113 0.3895254560688929 0.010474543931107139
26 67 147 0.3917817500934787 0.008218249906521313
26 71 81 0.39282475320130344 0.007175246798696577
26 73 74 0.009433846066329124 0.3905661539336709
26 74 136 0.3919939705065768 0.008006029493423217
26 75 145 0.39008537704416063 0.009914622955839392
26 76 139 0.3932863722063477 0.00671362779365231
26 76 146 0.39983629511544067 1.6370488455935694E-4
26 78 80 0.3994641942191475 5.358057808525496E-4
26 79 80 0.3761923751343309 0.02380762486566912
26 79 81 0.33402962409300196 0.06597037590699806
26 82 84 0.39680002689289096 0.0031999731071090665
26 83 85 0.015027468298882641 0.3849725317011174
26 83 94 0.38701968375390855 0.012980316246091472
26 88 96 0.2789474745823651 0.12105252541763495
26 91 101 0.3937354693916596 0.006264530608340424
26 92 102 0.39476308238976177 0.005236917610238256
26 95 97 0.3941247007239944 0.005875299276005608
26 104 133 0.3924096633818845 0.007590336618115534
26 105 123 0.3926840298178331 0.007315970182166898
26 109 118 0.3905410035976431 0.009458996402356923
26 109 128 0.004715395330858869 0.39528460466914117
26 113 130 0.3891757743193624 0.010824225680637622
26 118 128 0.39211239127154207 0.007887608728457951
26 119 120 0.394893218107068 0.005106781892932011
26 129 137 0.39228753097096974 0.007712469029030278
26 130 138 0.3994306428824896 5.693571175104384E-4
26 138 149 0.39186229612612394 0.008137703873876079
27 1 10 0.39677209285250326 0.003227907147496767
27 1 82 0.0 0.4
27 1 84 0.39680002689289096 0.0031999731071090665
27 2 4 0.010189714070313157 0.38981028592968686
27 2 14 0.3989570899294876 0.0010429100705124372
27 2 86 0.39026439862252604 0.00973560137747398
27 4 83 0.39090179124216545 0.00909820875783457
27 4 85 0.3918125503935864 0.0081874496064136
27 6 17 0.33085372411759867 0.06914627588240135
27 10 11 0.39677209285250326 0.003227907147496767
27 10 82 0.39677209285250326 0.003227907147496767
27 10 84 0.004380896811499856 0.3956191031885002
27 11 92 0.397992274235923 0.0020077257640770396
27 13 15 0.3963052507332172 0.0036947492667828152
27 13 112 0.3977180553546414 0.0022819446453586356
27 15 24 0.3966682940728603 0.0033317059271397165
27 15 97 0.39513836623512616 0.004861633764873863
27 18 45 0.39910273386377226 8.97266136227759E-4
27 19 100 0.39475062958515117 0.005249370414848853
27 19 118 0.17980782385655267 0.22019217614344735
27 19 119 0.3970540882148187 0.002945911785181332
27 20 120 0.39327859113856817 0.0067214088614318546
27 21 22 0.39875902347523484 0.0012409765247651805
27 21 103 0.39326863497139597 0.006731365028604053
27 22 112 0.3912995567482786 0.008700443251721424
27 24 95 0.399675031967835 3.2496803216502945E-4
27 25 89 0.39235500532425527 0.007644994675744754
27 28 91 0.3949892571846014 0.0050107428153985945
27 28 101 0.007471498324044263 0.39252850167595577
27 32 150 0.39168431391585307 0.008315686084146956
27 37 46 0.3932874996559843 0.006712500344015715
27 37 136 0.09679854831712391 0.3032014516828761
27 38 119 0.13783962709970254 0.2621603729002975
27 39 111 0.39404251461685064 0.005957485383149386
27 46 64 0.39449914756019705 0.005500852439802972
27 46 136 0.3955960798674506 0.0044039201325494215
27 47 127 0.3919698735541054 0.008030126445894625
27 48 58 0.3940488582664161 0.005951141733583909
27 50 59 0.37604559774287377 0.02395440225712625
27 55 56 0.39743553378126045 0.0025644662187395695
27 55 127 0.012398918240358681 0.38760108175964136
27 56 64 0.39129775925339727 0.008702240746602752
27 56 127 0.3977984042753405 0.0022015957246594997
27 56 137 0.39695463443904744 0.0030453655609525843
27 56 145 0.39644729775170207 0.0035527022482979564
27 57 139 0.3967549754172843 0.00324502458271575
27 58 149 0.3997938069452533 2.0619305474672833E-4
27 59 130 0.3895226535368419 0.010477346463158121
27 60 68 0.3920949654983115 0.007905034501688502
27 64 74 0.39937739537618794 6.226046238120841E-4
27 65 66 0.17379462183570304 0.22620537816429698
27 65 73 0.38501488694734676 0.014985113052653265
27 65 74 0.3937022581823196 0.006297741817680447
27 65 75 0.3911307310579304 0.00886926894206963
27 66 75 0.3495260905837635 0.05047390941623653
27 66 76 0.3756293523169275 0.02437064768307251
27 66 148 0.38712408398098336 0.012875916019016664
27 67 78 0.3921793619985044 0.007820638001495628
27 67 113 0.3895254560688929 0.010474543931107139
27 67 147 0.3917817500934787 0.008218249906521313
27 71 81 0.39660486879833584 0.003395131201664181
27 73 74 0.009433846066329124 0.3905661539336709
27 74 136 0.3919939705065768 0.008006029493423217
27 75 145 0.39008537704416063 0.009914622955839392
27 76 139 0.3932863722063477 0.00671362779365231
27 76 146 0.39983629511544067 1.6370488455935694E-4
27 78 80 0.3994641942191475 5.358057808525496E-4
27 79 80 0.3761923751343309 0.02380762486566912
27 79 81 0.33402962409300196 0.06597037590699806
27 82 84 0.39680002689289096 0.0031999731071090665
27 83 85 0.015027468298882641 0.3849725317011174
27 83 94 0.38701968375390855 0.012980316246091472
27 88 96 0.3609782758074178 0.03902172419258221
27 91 101 0.3937354693916596 0.006264530608340424
27 92 102 0.39476308238976177 0.005236917610238256
27 93 96 0.3607462603357008 0.039253739664299236
27 95 97 0.3941247007239944 0.005875299276005608
27 96 97 0.3814117720158625 0.018588227984137506
27 109 119 0.38740744391328963 0.012592556086710394
27 111 140 0.39960450820069243 3.9549179930759015E-4
27 113 130 0.3891757743193624 0.010824225680637622
27 118 128 0.39211239127154207 0.007887608728457951
27 123 133 0.3967226271096152 0.003277372890384822
27 129 137 0.39228753097096974 0.007712469029030278
27 130 138 0.3994306428824896 5.693571175104384E-4
27 138 149 0.39186229612612394 0.008137703873876079
28 1 10 0.39677209285250326 0.003227907147496767
28 1 82 0.0 0.4
28 1 84 0.39680002689289096 0.0031999731071090665
28 2 4 0.010189714070313157 0.38981028592968686
28 2 14 0.3989570899294876 0.0010429100705124372
28 2 86 0.39026439862252604 0.00973560137747398
28 4 85 0.3918125503935864 0.0081874496064136
28 7 83 0.3902100629010529 0.009789937098947099
28 10 11 0.39677209285250326 0.003227907147496767
28 10 82 0.39677209285250326 0.003227907147496767
28 10 84 0.004380896811499856 0.3956191031885002
28 11 92 0.397992274235923 0.0020077257640770396
28 13 15 0.3963052507332172 0.0036947492667828152
28 13 112 0.3977180553546414 0.0022819446453586356
28 15 24 0.3966682940728603 0.0033317059271397165
28 15 97 0.39513836623512616 0.004861633764873863
28 19 100 0.39475062958515117 0.005249370414848853
28 19 118 0.17980782385655267 0.22019217614344735
28 19 119 0.3970540882148187 0.002945911785181332
28 20 120 0.39327859113856817 0.0067214088614318546
28 21 22 0.39875902347523484 0.0012409765247651805
28 21 103 0.39326863497139597 0.006731365028604053
28 22 112 0.3912995567482786 0.008700443251721424
28 24 95 0.399675031967835 3.2496803216502945E-4
28 25 89 0.39235500532425527 0.007644994675744754
28 28 91 0.3949892571846014 0.0050107428153985945
28 28 101 0.007471498324044263 0.39252850167595577
28 37 46 0.3932874996559843 0.006712500344015715
28 37 136 0.09679854831712391 0.3032014516828761
28 38 119 0.13783962709970254 0.2621603729002975
28 39 111 0.39404251461685064 0.005957485383149386
28 46 64 0.39449914756019705 0.005500852439802972
28 46 136 0.3955960798674506 0.0044039201325494215
28 47 127 0.013228283625633323 0.3867717163743667
28 49 69 0.3924999237357735 0.007500076264226496
28 49 133 0.3997383812240361 2.6161877596392324E-4
28 51 132 0.39345862820466787 0.0065413717953321515
28 52 60 0.3966802754230903 0.0033197245769097106
28 55 56 0.39743553378126045 0.0025644662187395695
28 55 127 0.3911486306606469 0.008851369339353099
28 56 64 0.39129775925339727 0.008702240746602752
28 56 137 0.39695463443904744 0.0030453655609525843
28 56 145 0.39644729775170207 0.0035527022482979564
28 57 139 0.3967549754172843 0.00324502458271575
28 58 149 0.3997938069452533 2.0619305474672833E-4
28 59 130 0.3895226535368419 0.010477346463158121
28 60 71 0.39126734715646483 0.008732652843535194
28 64 74 0.39937739537618794 6.226046238120841E-4
28 65 66 0.17379462183570304 0.22620537816429698
28 65 73 0.38501488694734676 0.014985113052653265
28 65 74 0.3937022581823196 0.006297741817680447
28 65 75 0.3911307310579304 0.00886926894206963
28 66 75 0.3495260905837635 0.05047390941623653
28 66 76 0.3756293523169275 0.02437064768307251
28 66 148 0.38712408398098336 0.012875916019016664
28 67 78 0.3921793619985044 0.007820638001495628
28 67 113 0.3895254560688929 0.010474543931107139
28 67 147 0.3917817500934787 0.008218249906521313
28 71 81 0.39660486879833584 0.003395131201664181
28 73 74 0.009433846066329124 0.3905661539336709
28 74 136 0.3919939705065768 0.008006029493423217
28 75 145 0.39008537704416063 0.009914622955839392
28 76 139 0.3932863722063477 0.00671362779365231
28 76 146 0.39983629511544067 1.6370488455935694E-4
28 78 80 0.3994641942191475 5.358057808525496E-4
28 79 80 0.3761923751343309 0.02380762486566912
28 79 81 0.33402962409300196 0.06597037590699806
28 82 84 0.39680002689289096 0.0031999731071090665
28 83 86 0.02381950579945642 0.3761804942005436
28 87 96 0.3940016990199114 0.005998300980088633
28 91 101 0.3937354693916596 0.006264530608340424
28 92 102 0.39476308238976177 0.005236917610238256
28 95 97 0.3941247007239944 0.005875299276005608
28 109 119 0.38740744391328963 0.012592556086710394
28 111 140 0.39960450820069243 3.9549179930759015E-4
28 113 130 0.3891757743193624 0.010824225680637622
28 118 128 0.39211239127154207 0.007887608728457951
28 129 137 0.39228753097096974 0.007712469029030278
28 130 138 0.3994306428824896 5.693571175104384E-4
28 138 149 0.39186229612612394 0.008137703873876079
29 1 10 0.39677209285250326 0.003227907147496767
29 1 82 0.0 0.4
29 1 84 0.39680002689289096 0.0031999731071090665
29 2 4 0.39877220951978465 0.0012277904802153738
29 2 14 0.3989570899294876 0.0010429100705124372
29 2 86 0.39026439862252604 0.00973560137747398
29 4 85 0.004444186467158496 0.3955558135328415
29 4 94 0.3987144004588094 0.0012855995411906185
29 6 31 0.39821806643039964 0.0017819335696003802
29 7 83 0.3902100629010529 0.009789937098947099
29 10 11 0.39677209285250326 0.003227907147496767
29 10 82 0.39677209285250326 0.003227907147496767
29 10 84 0.004380896811499856 0.3956191031885002
29 11 92 0.397992274235923 0.0020077257640770396
29 13 15 0.3906206851875334 0.009379314812466621
29 13 112 0.3977180553546414 0.0022819446453586356
29 15 96 0.3928276991087288 0.007172300891271244
29 17 93 0.3905572431054626 0.00944275689453744
29 19 100 0.39475062958515117 0.005249370414848853
29 19 118 0.17980782385655267 0.22019217614344735
29 19 119 0.3970540882148187 0.002945911785181332
29 20 48 0.3903831939221341 0.009616806077865914
29 20 120 0.39327859113856817 0.0067214088614318546
29 21 22 0.39875902347523484 0.0012409765247651805
29 21 103 0.39326863497139597 0.006731365028604053
29 22 112 0.3912995567482786 0.008700443251721424
29 24 95 0.399675031967835 3.2496803216502945E-4
29 25 89 0.39235500532425527 0.007644994675744754
29 28 91 0.3949892571846014 0.0050107428153985945
29 28 101 0.007471498324044263 0.39252850167595577
29 37 46 0.3932874996559843 0.006712500344015715
29 37 136 0.09679854831712391 0.3032014516828761
29 38 119 0.3850083367820285 0.014991663217971518
29 38 129 0.38358775337305445 0.01641224662694557
29 38 137 0.16450222741261195 0.23549777258738808
29 39 59 0.39844490906434854 0.001555090935651482
29 39 111 0.39170905421132224 0.008290945788677784
29 46 64 0.39449914756019705 0.005500852439802972
29 46 136 0.3955960798674506 0.0044039201325494215
29 47 127 0.013228283625633323 0.3867717163743667
29 49 69 0.3924999237357735 0.007500076264226496
29 49 133 0.3997383812240361 2.6161877596392324E-4
29 51 132 0.39345862820466787 0.0065413717953321515
29 52 60 0.3966802754230903 0.0033197245769097106
29 55 56 0.39743553378126045 0.0025644662187395695
29 55 127 0.3911486306606469 0.008851369339353099
29 56 64 0.39129775925339727 0.008702240746602752
29 56 137 0.39695463443904744 0.0030453655609525843
29 56 145 0.39644729775170207 0.0035527022482979564
29 57 139 0.3967549754172843 0.00324502458271575
29 58 149 0.3997938069452533 2.0619305474672833E-4
29 59 130 0.3895226535368419 0.010477346463158121
29 60 71 0.39126734715646483 0.008732652843535194
29 64 74 0.39937739537618794 6.226046238120841E-4
29 65 66 0.17379462183570304 0.22620537816429698
29 65 73 0.38501488694734676 0.014985113052653265
29 65 74 0.3937022581823196 0.006297741817680447
29 65 75 0.3911307310579304 0.00886926894206963
29 66 75 0.3495260905837635 0.05047390941623653
29 66 76 0.3756293523169275 0.02437064768307251
29 66 148 0.38712408398098336 0.012875916019016664
29 67 78 0.3921793619985044 0.007820638001495628
29 67 113 0.3895254560688929 0.010474543931107139
29 67 147 0.3917817500934787 0.008218249906521313
29 71 81 0.39660486879833584 0.003395131201664181
29 73 74 0.009433846066329124 0.3905661539336709
29 74 136 0.3919939705065768 0.008006029493423217
29 75 145 0.39008537704416063 0.009914622955839392
29 76 139 0.3932863722063477 0.00671362779365231
29 76 146 0.39983629511544067 1.6370488455935694E-4
29 78 80 0.3994641942191475 5.358057808525496E-4
29 79 80 0.3761923751343309 0.02380762486566912
29 79 81 0.33402962409300196 0.06597037590699806
29 82 84 0.39680002689289096 0.0031999731071090665
29 83 86 0.02381950579945642 0.3761804942005436
29 87 96 0.3940016990199114 0.005998300980088633
29 91 101 0.3937354693916596 0.006264530608340424
29 92 102 0.39476308238976177 0.005236917610238256
29 95 97 0.3941247007239944 0.005875299276005608
29 109 119 0.38740744391328963 0.012592556086710394
29 113 130 0.3891757743193624 0.010824225680637622
29 118 128 0.39211239127154207 0.007887608728457951
29 129 137 0.39228753097096974 0.007712469029030278
29 130 138 0.3994306428824896 5.693571175104384E-4
29 138 149 0.39186229612612394 0.008137703873876079
30 1 10 0.39677209285250326 0.003227907147496767
30 1 82 0.0 0.4
30 1 84 0.39680002689289096 0.0031999731071090665
30 2 4 0.39877220951978465 0.0012277904802153738
30 2 14 0.3989570899294876 0.0010429100705124372
30 2 86 0.39026439862252604 0.00973560137747398
30 4 85 0.004444186467158496 0.3955558135328415
30 4 94 0.3987144004588094 0.0012855995411906185
30 7 83 0.38630708802757907 0.013692911972420951
30 10 11 0.39677209285250326 0.003227907147496767
30 10 82 0.39677209285250326 0.003227907147496767
30 10 84 0.004380896811499856 0.3956191031885002
30 11 92 0.397992274235923 0.0020077257640770396
30 13 15 0.3906206851875334 0.009379314812466621
30 13 111 0.3965817598984649 0.0034182401015351305
30 13 112 0.3977180553546414 0.0022819446453586356
30 15 24 0.395724660355705 0.004275339644294995
30 15 96 0.3928276991087288 0.007172300891271244
30 17 93 0.3905572431054626 0.00944275689453744
30 19 100 0.39475062958515117 0.005249370414848853
30 19 118 0.17980782385655267 0.22019217614344735
30 19 119 0.3970540882148187 0.002945911785181332
30 20 39 0.395856877790608 0.004143122209392003
30 21 22 0.39875902347523484 0.0012409765247651805
30 21 103 0.39326863497139597 0.006731365028604053
30 22 112 0.3912995567482786 0.008700443251721424
30 25 89 0.39235500532425527 0.007644994675744754
30 28 91 0.3949892571846014 0.0050107428153985945
30 28 101 0.007471498324044263 0.39252850167595577
30 29 48 0.39377421994012346 0.006225780059876562
30 31 105 0.3938616457189267 0.006138354281073344
30 37 46 0.3932874996559843 0.006712500344015715
30 37 136 0.09679854831712391 0.3032014516828761
30 38 47 0.38172638588173097 0.018273614118269055
30 38 119 0.3850083367820285 0.014991663217971518
30 38 129 0.38358775337305445 0.01641224662694557
30 38 137 0.387329689292557 0.012670310707443011
30 46 64 0.39449914756019705 0.005500852439802972
30 46 136 0.3955960798674506 0.0044039201325494215
30 47 55 0.38479481920542496 0.015205180794575057
30 47 56 0.1996386938661502 0.2003613061338498
30 47 127 0.39444520425008134 0.005554795749918684
30 48 149 0.38920947360303276 0.01079052639696726
30 49 69 0.3924999237357735 0.007500076264226496
30 49 133 0.3997383812240361 2.6161877596392324E-4
30 52 60 0.3966802754230903 0.0033197245769097106
30 55 56 0.39743553378126045 0.0025644662187395695
30 55 127 0.3911486306606469 0.008851369339353099
30 56 64 0.39129775925339727 0.008702240746602752
30 56 145 0.39644729775170207 0.0035527022482979564
30 57 139 0.3967549754172843 0.00324502458271575
30 58 149 0.3997938069452533 2.0619305474672833E-4
30 59 130 0.3895226535368419 0.010477346463158121
30 60 71 0.39126734715646483 0.008732652843535194
30 64 74 0.39937739537618794 6.226046238120841E-4
30 65 66 0.17379462183570304 0.22620537816429698
30 65 73 0.38501488694734676 0.014985113052653265
30 65 74 0.3937022581823196 0.006297741817680447
30 65 75 0.3911307310579304 0.00886926894206963
30 66 75 0.3495260905837635 0.05047390941623653
30 66 76 0.3756293523169275 0.02437064768307251
30 66 148 0.38712408398098336 0.012875916019016664
30 67 78 0.3921793619985044 0.007820638001495628
30 67 113 0.3895254560688929 0.010474543931107139
30 67 147 0.3917817500934787 0.008218249906521313
30 71 81 0.39660486879833584 0.003395131201664181
30 73 74 0.009433846066329124 0.3905661539336709
30 74 136 0.3919939705065768 0.008006029493423217
30 75 145 0.39008537704416063 0.009914622955839392
30 76 139 0.3932863722063477 0.00671362779365231
30 76 146 0.39983629511544067 1.6370488455935694E-4
30 78 80 0.3994641942191475 5.358057808525496E-4
30 79 80 0.3761923751343309 0.02380762486566912
30 79 81 0.33402962409300196 0.06597037590699806
30 82 84 0.39680002689289096 0.0031999731071090665
30 83 88 0.19314586918821566 0.20685413081178436
30 83 96 0.38539333596031083 0.014606664039689188
30 87 96 0.3940016990199114 0.005998300980088633
30 91 101 0.3937354693916596 0.006264530608340424
30 92 102 0.39476308238976177 0.005236917610238256
30 95 97 0.3941247007239944 0.005875299276005608
30 109 119 0.38740744391328963 0.012592556086710394
30 111 140 0.39749811698099957 0.0025018830190004504
30 113 130 0.3891757743193624 0.010824225680637622
30 118 128 0.39211239127154207 0.007887608728457951
30 119 137 0.38533673462012313 0.014663265379876889
30 129 137 0.3865166866078669 0.0134833133921331
30 130 138 0.3994306428824896 5.693571175104384E-4
30 138 149 0.39186229612612394 0.008137703873876079
31 1 10 0.39677209285250326 0.003227907147496767
31 1 82 0.0 0.4
31 1 84 0.39680002689289096 0.0031999731071090665
31 2 4 0.39877220951978465 0.0012277904802153738
31 2 14 0.3989570899294876 0.0010429100705124372
31 2 86 0.39026439862252604 0.00973560137747398
31 4 85 0.004444186467158496 0.3955558135328415
31 4 94 0.3987144004588094 0.0012855995411906185
31 10 11 0.39677209285250326 0.003227907147496767
31 10 82 0.39677209285250326 0.003227907147496767
31 10 84 0.004380896811499856 0.3956191031885002
31 11 92 0.397992274235923 0.0020077257640770396
31 13 83 0.3794493049249906 0.020550695075009395
31 13 111 0.3965817598984649 0.0034182401015351305
31 13 112 0.3977180553546414 0.0022819446453586356
31 15 83 0.23350832600680343 0.1664916739931966
31 19 100 0.39475062958515117 0.005249370414848853
31 19 118 0.17980782385655267 0.22019217614344735
31 19 119 0.3970540882148187 0.002945911785181332
31 20 39 0.395856877790608 0.004143122209392003
31 21 22 0.39875902347523484 0.0012409765247651805
31 21 103 0.39326863497139597 0.006731365028604053
31 21 120 0.3909703385769422 0.009029661423057833
31 22 112 0.3912995567482786 0.008700443251721424
31 24 97 0.3960938498433742 0.0039061501566258205
31 25 89 0.39235500532425527 0.007644994675744754
31 28 91 0.3949892571846014 0.0050107428153985945
31 28 101 0.007471498324044263 0.39252850167595577
31 29 48 0.39377421994012346 0.006225780059876562
31 29 120 0.39598657252921937 0.0040134274707806505
31 37 46 0.3932874996559843 0.006712500344015715
31 37 136 0.09679854831712391 0.3032014516828761
31 38 47 0.38172638588173097 0.018273614118269055
31 38 119 0.3850083367820285 0.014991663217971518
31 38 129 0.38358775337305445 0.01641224662694557
31 38 137 0.387329689292557 0.012670310707443011
31 46 64 0.39449914756019705 0.005500852439802972
31 46 136 0.3955960798674506 0.0044039201325494215
31 47 55 0.38479481920542496 0.015205180794575057
31 47 56 0.1996386938661502 0.2003613061338498
31 47 127 0.39444520425008134 0.005554795749918684
31 48 149 0.38920947360303276 0.01079052639696726
31 50 59 0.3969509258961935 0.003049074103806504
31 55 56 0.39743553378126045 0.0025644662187395695
31 55 127 0.3911486306606469 0.008851369339353099
31 56 64 0.39129775925339727 0.008702240746602752
31 56 145 0.39644729775170207 0.0035527022482979564
31 57 139 0.3967549754172843 0.00324502458271575
31 58 149 0.3997938069452533 2.0619305474672833E-4
31 60 81 0.39488928322234207 0.005110716777657953
31 64 74 0.39937739537618794 6.226046238120841E-4
31 65 66 0.17379462183570304 0.22620537816429698
31 65 73 0.38501488694734676 0.014985113052653265
31 65 74 0.3937022581823196 0.006297741817680447
31 65 75 0.3911307310579304 0.00886926894206963
31 66 75 0.3495260905837635 0.05047390941623653
31 66 76 0.3756293523169275 0.02437064768307251
31 66 148 0.38712408398098336 0.012875916019016664
31 67 78 0.3921793619985044 0.007820638001495628
31 67 147 0.3917817500934787 0.008218249906521313
31 71 81 0.3889402635974039 0.01105973640259611
31 73 74 0.009433846066329124 0.3905661539336709
31 74 136 0.3919939705065768 0.008006029493423217
31 75 145 0.39008537704416063 0.009914622955839392
31 76 139 0.3932863722063477 0.00671362779365231
31 76 146 0.39983629511544067 1.6370488455935694E-4
31 78 80 0.3994641942191475 5.358057808525496E-4
31 79 80 0.3761923751343309 0.02380762486566912
31 82 84 0.39680002689289096 0.0031999731071090665
31 83 96 0.3838959657668632 0.016104034233136832
31 83 97 0.3820631794275434 0.017936820572456602
31 87 96 0.3940016990199114 0.005998300980088633
31 91 101 0.3937354693916596 0.006264530608340424
31 92 102 0.39476308238976177 0.005236917610238256
31 109 119 0.38740744391328963 0.012592556086710394
31 118 128 0.39211239127154207 0.007887608728457951
31 119 137 0.38533673462012313 0.014663265379876889
31 129 137 0.3865166866078669 0.0134833133921331
31 130 138 0.3994306428824896 5.693571175104384E-4
31 138 149 0.39186229612612394 0.008137703873876079
32 1 10 0.39677209285250326 0.003227907147496767
32 1 82 0.0 0.4
32 1 84 0.39680002689289096 0.0031999731071090665
32 2 4 0.39877220951978465 0.0012277904802153738
32 2 14 0.3989570899294876 0.0010429100705124372
32 2 86 0.39026439862252604 0.00973560137747398
32 4 85 0.004444186467158496 0.3955558135328415
32 4 94 0.3987144004588094 0.0012855995411906185
32 6 40 0.39151702919823084 0.008482970801769185
32 10 11 0.39677209285250326 0.003227907147496767
32 10 82 0.39677209285250326 0.003227907147496767
32 10 84 0.004380896811499856 0.3956191031885002
32 11 92 0.397992274235923 0.0020077257640770396
32 15 83 0.23350832600680343 0.1664916739931966
32 19 100 0.39475062958515117 0.005249370414848853
32 19 118 0.17980782385655267 0.22019217614344735
32 19 119 0.3970540882148187 0.002945911785181332
32 20 39 0.395856877790608 0.004143122209392003
32 21 22 0.39875902347523484 0.0012409765247651805
32 21 103 0.39326863497139597 0.006731365028604053
32 21 120 0.3909703385769422 0.009029661423057833
32 22 112 0.3912995567482786 0.008700443251721424
32 24 97 0.3960938498433742 0.0039061501566258205
32 25 89 0.39235500532425527 0.007644994675744754
32 28 91 0.3949892571846014 0.0050107428153985945
32 28 101 0.007471498324044263 0.39252850167595577
32 29 48 0.39377421994012346 0.006225780059876562
32 29 120 0.39598657252921937 0.0040134274707806505
32 37 46 0.3932874996559843 0.006712500344015715
32 37 136 0.09679854831712391 0.3032014516828761
32 38 47 0.38172638588173097 0.018273614118269055
32 38 119 0.3850083367820285 0.014991663217971518
32 38 129 0.38358775337305445 0.01641224662694557
32 38 137 0.387329689292557 0.012670310707443011
32 46 64 0.39449914756019705 0.005500852439802972
32 46 136 0.3955960798674506 0.0044039201325494215
32 47 55 0.38479481920542496 0.015205180794575057
32 47 56 0.1996386938661502 0.2003613061338498
32 47 127 0.39444520425008134 0.005554795749918684
32 48 149 0.38920947360303276 0.01079052639696726
32 52 104 0.39756710784942145 0.0024328921505785694
32 55 56 0.39743553378126045 0.0025644662187395695
32 55 127 0.3911486306606469 0.008851369339353099
32 56 64 0.39129775925339727 0.008702240746602752
32 56 145 0.39644729775170207 0.0035527022482979564
32 57 139 0.3967549754172843 0.00324502458271575
32 58 149 0.3997938069452533 2.0619305474672833E-4
32 60 81 0.39488928322234207 0.005110716777657953
32 64 74 0.39937739537618794 6.226046238120841E-4
32 65 66 0.17379462183570304 0.22620537816429698
32 65 73 0.38501488694734676 0.014985113052653265
32 65 74 0.3937022581823196 0.006297741817680447
32 65 75 0.3911307310579304 0.00886926894206963
32 66 75 0.3495260905837635 0.05047390941623653
32 66 76 0.3756293523169275 0.02437064768307251
32 66 148 0.38712408398098336 0.012875916019016664
32 67 70 0.39329349711801753 0.00670650288198249
32 68 70 0.39792836616539734 0.002071633834602682
32 69 104 0.39999349637003395 6.503629966070346E-6
32 73 74 0.009433846066329124 0.3905661539336709
32 74 136 0.3919939705065768 0.008006029493423217
32 75 145 0.39008537704416063 0.009914622955839392
32 76 139 0.3932863722063477 0.00671362779365231
32 76 146 0.39983629511544067 1.6370488455935694E-4
32 78 80 0.3994641942191475 5.358057808525496E-4
32 82 84 0.39680002689289096 0.0031999731071090665
32 83 97 0.3820631794275434 0.017936820572456602
32 87 96 0.39827088357325935 0.0017291164267406733
32 91 101 0.3937354693916596 0.006264530608340424
32 92 102 0.39476308238976177 0.005236917610238256
32 109 120 0.3989128204466168 0.0010871795533832218
32 118 128 0.39211239127154207 0.007887608728457951
32 119 137 0.38533673462012313 0.014663265379876889
32 129 137 0.3865166866078669 0.0134833133921331
32 130 138 0.3994306428824896 5.693571175104384E-4
32 138 149 0.39186229612612394 0.008137703873876079
33 1 10 0.39677209285250326 0.003227907147496767
33 1 82 0.0 0.4
33 1 84 0.39680002689289096 0.0031999731071090665
33 2 14 0.3989570899294876 0.0010429100705124372
33 2 86 0.39026439862252604 0.00973560137747398
33 4 14 0.23552946531352542 0.1644705346864746
33 4 86 0.3867324389909762 0.01326756100902382
33 4 95 0.3825428310919766 0.0174571689080234
33 10 11 0.39677209285250326 0.003227907147496767
33 10 82 0.39677209285250326 0.003227907147496767
33 10 84 0.004380896811499856 0.3956191031885002
33 11 92 0.397992274235923 0.0020077257640770396
33 19 109 0.38186946563618446 0.018130534363815565
33 19 110 0.30693597178904847 0.09306402821095155
33 19 119 0.3739452815226631 0.026054718477336924
33 20 39 0.395856877790608 0.004143122209392003
33 21 22 0.39875902347523484 0.0012409765247651805
33 21 103 0.39326863497139597 0.006731365028604053
33 21 120 0.3909703385769422 0.009029661423057833
33 22 112 0.3912995567482786 0.008700443251721424
33 24 97 0.3954288438224876 0.004571156177512414
33 25 89 0.39235500532425527 0.007644994675744754
33 28 91 0.3949892571846014 0.0050107428153985945
33 28 101 0.007471498324044263 0.39252850167595577
33 29 48 0.39377421994012346 0.006225780059876562
33 29 120 0.39598657252921937 0.0040134274707806505
33 37 46 0.3932874996559843 0.006712500344015715
33 37 136 0.09679854831712391 0.3032014516828761
33 38 47 0.38172638588173097 0.018273614118269055
33 38 119 0.3850083367820285 0.014991663217971518
33 38 129 0.38358775337305445 0.01641224662694557
33 38 137 0.387329689292557 0.012670310707443011
33 46 64 0.39449914756019705 0.005500852439802972
33 46 136 0.3955960798674506 0.0044039201325494215
33 47 55 0.38479481920542496 0.015205180794575057
33 47 56 0.1996386938661502 0.2003613061338498
33 47 127 0.39444520425008134 0.005554795749918684
33 48 149 0.38920947360303276 0.01079052639696726
33 55 56 0.39743553378126045 0.0025644662187395695
33 55 127 0.3911486306606469 0.008851369339353099
33 56 64 0.39129775925339727 0.008702240746602752
33 56 145 0.39644729775170207 0.0035527022482979564
33 57 139 0.3967549754172843 0.00324502458271575
33 58 149 0.3997938069452533 2.0619305474672833E-4
33 64 74 0.39937739537618794 6.226046238120841E-4
33 65 66 0.17379462183570304 0.22620537816429698
33 65 73 0.38501488694734676 0.014985113052653265
33 65 74 0.3937022581823196 0.006297741817680447
33 65 75 0.3911307310579304 0.00886926894206963
33 66 75 0.3495260905837635 0.05047390941623653
33 66 76 0.3756293523169275 0.02437064768307251
33 66 148 0.38712408398098336 0.012875916019016664
33 67 70 0.39329349711801753 0.00670650288198249
33 73 74 0.009433846066329124 0.3905661539336709
33 74 136 0.3919939705065768 0.008006029493423217
33 75 145 0.39008537704416063 0.009914622955839392
33 76 139 0.3932863722063477 0.00671362779365231
33 76 146 0.39983629511544067 1.6370488455935694E-4
33 82 84 0.39680002689289096 0.0031999731071090665
33 87 96 0.39701793673384156 0.0029820632661584634
33 91 101 0.3937354693916596 0.006264530608340424
33 92 102 0.39476308238976177 0.005236917610238256
33 95 97 0.39853484205245826 0.001465157947541762
33 109 120 0.3989128204466168 0.0010871795533832218
33 118 128 0.39211239127154207 0.007887608728457951
33 119 137 0.38533673462012313 0.014663265379876889
33 129 137 0.3865166866078669 0.0134833133921331
33 130 138 0.3994306428824896 5.693571175104384E-4
33 138 149 0.39186229612612394 0.008137703873876079
34 1 82 0.0 0.4
34 1 84 0.39680002689289096 0.0031999731071090665
34 2 86 0.39026439862252604 0.00973560137747398
34 3 10 0.38863617090354313 0.01136382909645689
34 4 86 0.3867324389909762 0.01326756100902382
34 4 95 0.3825428310919766 0.0174571689080234
34 10 12 0.1807847707913117 0.21921522920868833
34 10 94 0.3839675389700169 0.016032461029983125
34 11 92 0.397992274235923 0.0020077257640770396
34 12 102 0.3902522118327965 0.009747788167203508
34 13 24 0.39597937859108395 0.00402062140891607
34 14 23 0.37446416356734646 0.025535836432653558
34 14 24 0.3738522325293365 0.026147767470663497
34 14 95 0.37293136824616896 0.027068631753831063
34 17 83 0.3948539942031074 0.0051460057968926165
34 19 109 0.38186946563618446 0.018130534363815565
34 19 110 0.30693597178904847 0.09306402821095155
34 19 119 0.3739452815226631 0.026054718477336924
34 20 39 0.395856877790608 0.004143122209392003
34 21 22 0.39875902347523484 0.0012409765247651805
34 21 120 0.3909703385769422 0.009029661423057833
34 22 112 0.3912995567482786 0.008700443251721424
34 24 97 0.39460751167541314 0.005392488324586886
34 24 112 0.38895187530334424 0.011048124696655781
34 25 89 0.39235500532425527 0.007644994675744754
34 28 118 0.0073141156580802886 0.39268588434191976
34 28 128 0.3983504650808543 0.001649534919145712
34 29 48 0.39377421994012346 0.006225780059876562
34 29 120 0.39598657252921937 0.0040134274707806505
34 37 46 0.3932874996559843 0.006712500344015715
34 37 136 0.09679854831712391 0.3032014516828761
34 38 47 0.38172638588173097 0.018273614118269055
34 38 119 0.3850083367820285 0.014991663217971518
34 38 129 0.38358775337305445 0.01641224662694557
34 38 137 0.387329689292557 0.012670310707443011
34 46 64 0.39449914756019705 0.005500852439802972
34 46 136 0.3955960798674506 0.0044039201325494215
34 47 55 0.38479481920542496 0.015205180794575057
34 47 56 0.38432080952642866 0.01567919047357136
34 47 127 0.39444520425008134 0.005554795749918684
34 48 149 0.38920947360303276 0.01079052639696726
34 55 127 0.3911486306606469 0.008851369339353099
34 56 64 0.21910463774175373 0.1808953622582463
34 56 145 0.38670701142645164 0.013292988573548381
34 57 139 0.3967549754172843 0.00324502458271575
34 58 149 0.3997938069452533 2.0619305474672833E-4
34 64 74 0.39937739537618794 6.226046238120841E-4
34 65 66 0.17379462183570304 0.22620537816429698
34 65 73 0.38501488694734676 0.014985113052653265
34 65 74 0.3937022581823196 0.006297741817680447
34 65 75 0.3911307310579304 0.00886926894206963
34 66 75 0.3495260905837635 0.05047390941623653
34 66 76 0.3756293523169275 0.02437064768307251
34 66 148 0.38712408398098336 0.012875916019016664
34 67 70 0.39329349711801753 0.00670650288198249
34 73 74 0.009433846066329124 0.3905661539336709
34 74 136 0.3919939705065768 0.008006029493423217
34 75 145 0.39008537704416063 0.009914622955839392
34 76 139 0.3932863722063477 0.00671362779365231
34 76 146 0.39983629511544067 1.6370488455935694E-4
34 82 84 0.39680002689289096 0.0031999731071090665
34 87 90 0.39183004498666485 0.008169955013335173
34 91 101 0.3937354693916596 0.006264530608340424
34 95 97 0.39853484205245826 0.001465157947541762
34 102 103 0.39579952632045223 0.004200473679547789
34 109 120 0.3989128204466168 0.0010871795533832218
34 118 128 0.39211239127154207 0.007887608728457951
34 119 137 0.38533673462012313 0.014663265379876889
34 129 137 0.3865166866078669 0.0134833133921331
34 138 149 0.39186229612612394 0.008137703873876079
35 1 82 0.0 0.4
35 1 84 0.39680002689289096 0.0031999731071090665
35 2 86 0.39026439862252604 0.00973560137747398
35 3 10 0.38863617090354313 0.01136382909645689
35 4 86 0.3867324389909762 0.01326756100902382
35 4 95 0.3825428310919766 0.0174571689080234
35 10 12 0.1807847707913117 0.21921522920868833
35 10 94 0.3839675389700169 0.016032461029983125
35 11 92 0.397992274235923 0.0020077257640770396
35 12 102 0.3902522118327965 0.009747788167203508
35 13 24 0.39270642668644745 0.0072935733135525704
35 14 112 0.39695391860721924 0.003046081392780786
35 19 109 0.38186946563618446 0.018130534363815565
35 19 110 0.30693597178904847 0.09306402821095155
35 19 119 0.3739452815226631 0.026054718477336924
35 20 39 0.395856877790608 0.004143122209392003
35 21 22 0.39875902347523484 0.0012409765247651805
35 21 120 0.3909703385769422 0.009029661423057833
35 22 112 0.3912995567482786 0.008700443251721424
35 24 97 0.39975901853943396 2.4098146056605874E-4
35 25 89 0.39235500532425527 0.007644994675744754
35 28 128 0.3983504650808543 0.001649534919145712
35 29 48 0.39377421994012346 0.006225780059876562
35 29 120 0.39598657252921937 0.0040134274707806505
35 37 46 0.3932874996559843 0.006712500344015715
35 37 136 0.09679854831712391 0.3032014516828761
35 38 47 0.38172638588173097 0.018273614118269055
35 38 119 0.3850083367820285 0.014991663217971518
35 38 129 0.38358775337305445 0.01641224662694557
35 38 137 0.387329689292557 0.012670310707443011
35 46 64 0.39449914756019705 0.005500852439802972
35 46 136 0.3955960798674506 0.0044039201325494215
35 47 55 0.38479481920542496 0.015205180794575057
35 47 56 0.38432080952642866 0.01567919047357136
35 47 127 0.39444520425008134 0.005554795749918684
35 48 149 0.38920947360303276 0.01079052639696726
35 50 140 0.39694374101246205 0.003056258987537974
35 55 127 0.3911486306606469 0.008851369339353099
35 56 64 0.21910463774175373 0.1808953622582463
35 56 145 0.38670701142645164 0.013292988573548381
35 58 149 0.3997938069452533 2.0619305474672833E-4
35 64 74 0.39937739537618794 6.226046238120841E-4
35 65 66 0.17379462183570304 0.22620537816429698
35 65 73 0.38501488694734676 0.014985113052653265
35 65 74 0.3937022581823196 0.006297741817680447
35 65 75 0.3911307310579304 0.00886926894206963
35 66 75 0.3495260905837635 0.05047390941623653
35 66 76 0.3756293523169275 0.02437064768307251
35 66 148 0.38712408398098336 0.012875916019016664
35 73 74 0.009433846066329124 0.3905661539336709
35 74 136 0.3919939705065768 0.008006029493423217
35 75 145 0.39008537704416063 0.009914622955839392
35 76 139 0.3932863722063477 0.00671362779365231
35 76 146 0.39983629511544067 1.6370488455935694E-4
35 78 80 0.3984136544490466 0.0015863455509534385
35 82 84 0.39680002689289096 0.0031999731071090665
35 87 90 0.39183004498666485 0.008169955013335173
35 91 101 0.3937354693916596 0.006264530608340424
35 93 104 0.39170336618736823 0.008296633812631793
35 93 105 0.3979328608898518 0.0020671391101482195
35 95 97 0.39853484205245826 0.001465157947541762
35 100 118 0.008543527737569025 0.391456472262431
35 101 118 0.3976547431524765 0.0023452568475235136
35 102 103 0.39579952632045223 0.004200473679547789
35 109 120 0.3989128204466168 0.0010871795533832218
35 113 130 0.39841017019934666 0.001589829800653364
35 119 137 0.38533673462012313 0.014663265379876889
35 129 137 0.3865166866078669 0.0134833133921331
36 1 82 0.0 0.4
36 1 84 0.39680002689289096 0.0031999731071090665
36 2 86 0.39026439862252604 0.00973560137747398
36 3 10 0.38863617090354313 0.01136382909645689
36 4 86 0.3867324389909762 0.01326756100902382
36 6 150 0.3925453807533357 0.007454619246664296
36 10 12 0.1807847707913117 0.21921522920868833
36 10 94 0.3839675389700169 0.016032461029983125
36 11 92 0.397992274235923 0.0020077257640770396
36 12 102 0.3902522118327965 0.009747788167203508
36 13 24 0.39270642668644745 0.0072935733135525704
36 15 17 0.3984983198592737 0.0015016801407263247
36 15 87 0.3869792805007526 0.013020719499247435
36 15 90 0.3889962864736593 0.01100371352634072
36 19 100 0.391700681904285 0.008299318095715047
36 19 109 0.38186946563618446 0.018130534363815565
36 19 110 0.30693597178904847 0.09306402821095155
36 19 119 0.3739452815226631 0.026054718477336924
36 21 22 0.39875902347523484 0.0012409765247651805
36 21 120 0.3909703385769422 0.009029661423057833
36 25 89 0.39235500532425527 0.007644994675744754
36 28 100 0.08824503295697553 0.3117549670430245
36 28 128 0.3983504650808543 0.001649534919145712
36 29 48 0.39377421994012346 0.006225780059876562
36 29 120 0.39598657252921937 0.0040134274707806505
36 37 46 0.3932874996559843 0.006712500344015715
36 37 136 0.09679854831712391 0.3032014516828761
36 38 47 0.38172638588173097 0.018273614118269055
36 38 119 0.3850083367820285 0.014991663217971518
36 38 129 0.38358775337305445 0.01641224662694557
36 38 137 0.387329689292557 0.012670310707443011
36 39 59 0.3959134750720562 0.004086524927943813
36 39 111 0.39726444298464986 0.002735557015350165
36 46 64 0.39449914756019705 0.005500852439802972
36 46 136 0.3955960798674506 0.0044039201325494215
36 47 55 0.38479481920542496 0.015205180794575057
36 47 56 0.38432080952642866 0.01567919047357136
36 47 127 0.39444520425008134 0.005554795749918684
36 48 149 0.38920947360303276 0.01079052639696726
36 55 127 0.3911486306606469 0.008851369339353099
36 56 64 0.21910463774175373 0.1808953622582463
36 56 145 0.38670701142645164 0.013292988573548381
36 58 149 0.3997938069452533 2.0619305474672833E-4
36 64 74 0.39937739537618794 6.226046238120841E-4
36 65 66 0.17379462183570304 0.22620537816429698
36 65 73 0.38501488694734676 0.014985113052653265
36 65 74 0.3937022581823196 0.006297741817680447
36 65 75 0.3911307310579304 0.00886926894206963
36 66 75 0.3495260905837635 0.05047390941623653
36 66 76 0.3756293523169275 0.02437064768307251
36 66 148 0.38712408398098336 0.012875916019016664
36 73 74 0.009433846066329124 0.3905661539336709
36 74 136 0.3919939705065768 0.008006029493423217
36 75 145 0.39008537704416063 0.009914622955839392
36 76 139 0.3932863722063477 0.00671362779365231
36 76 146 0.39983629511544067 1.6370488455935694E-4
36 78 80 0.3984136544490466 0.0015863455509534385
36 82 84 0.39680002689289096 0.0031999731071090665
36 91 101 0.3937354693916596 0.006264530608340424
36 101 118 0.3976547431524765 0.0023452568475235136
36 102 103 0.39579952632045223 0.004200473679547789
36 109 120 0.3989128204466168 0.0010871795533832218
36 113 130 0.39841017019934666 0.001589829800653364
36 119 137 0.38533673462012313 0.014663265379876889
36 129 137 0.3865166866078669 0.0134833133921331
37 1 82 0.0 0.4
37 1 84 0.39680002689289096 0.0031999731071090665
37 2 86 0.39026439862252604 0.00973560137747398
37 3 10 0.38863617090354313 0.01136382909645689
37 3 12 0.394241868395035 0.005758131604965022
37 4 86 0.39737495848686905 0.0026250415131309768
37 10 12 0.38323647500062613 0.01676352499937389
37 10 94 0.3839675389700169 0.016032461029983125
37 11 12 0.38186492375313164 0.018135076246868387
37 11 91 0.23997072854603715 0.16002927145396287
37 11 92 0.383631726064324 0.016368273935676025
37 12 84 0.386442736069392 0.013557263930608021
37 15 90 0.3889962864736593 0.01100371352634072
37 19 100 0.391700681904285 0.008299318095715047
37 19 109 0.38186946563618446 0.018130534363815565
37 19 110 0.30693597178904847 0.09306402821095155
37 19 119 0.3739452815226631 0.026054718477336924
37 21 22 0.39875902347523484 0.0012409765247651805
37 21 120 0.3909703385769422 0.009029661423057833
37 25 89 0.39235500532425527 0.007644994675744754
37 28 100 0.08824503295697553 0.3117549670430245
37 28 128 0.3983504650808543 0.001649534919145712
37 29 48 0.39377421994012346 0.006225780059876562
37 29 120 0.39598657252921937 0.0040134274707806505
37 37 46 0.3932874996559843 0.006712500344015715
37 37 136 0.09679854831712391 0.3032014516828761
37 38 47 0.38172638588173097 0.018273614118269055
37 38 119 0.3850083367820285 0.014991663217971518
37 38 129 0.38358775337305445 0.01641224662694557
37 38 137 0.387329689292557 0.012670310707443011
37 39 59 0.3959134750720562 0.004086524927943813
37 46 64 0.39449914756019705 0.005500852439802972
37 46 136 0.3955960798674506 0.0044039201325494215
37 47 55 0.38479481920542496 0.015205180794575057
37 47 56 0.3740305032332294 0.025969496766770628
37 47 127 0.39444520425008134 0.005554795749918684
37 52 150 0.3998143741775978 1.8562582240222447E-4
37 55 127 0.3911486306606469 0.008851369339353099
37 56 74 0.3321666445184413 0.06783335548155872
37 56 129 0.37537596381904975 0.02462403618095027
37 57 67 0.39650605794573757 0.0034939420542624555
37 65 73 0.38501488694734676 0.014985113052653265
37 65 75 0.3911307310579304 0.00886926894206963
37 66 77 0.38511279303072166 0.014887206969278366
37 66 148 0.1846180920478263 0.2153819079521737
37 74 75 0.1432537212675531 0.25674627873244693
37 74 145 0.3872164620873553 0.012783537912644749
37 76 139 0.3915578179228532 0.00844218207714681
37 78 80 0.3984136544490466 0.0015863455509534385
37 82 84 0.39680002689289096 0.0031999731071090665
37 91 101 0.3937354693916596 0.006264530608340424
37 101 118 0.3976547431524765 0.0023452568475235136
37 102 103 0.39579952632045223 0.004200473679547789
37 109 120 0.3989128204466168 0.0010871795533832218
37 111 140 0.3953012775578965 0.004698722442103509
37 119 137 0.38533673462012313 0.014663265379876889
37 129 137 0.3865166866078669 0.0134833133921331
37 145 146 0.3953182924298123 0.00468170757018771
38 1 82 0.0 0.4
38 1 84 0.39680002689289096 0.0031999731071090665
38 2 86 0.39026439862252604 0.00973560137747398
38 2 94 0.3973245440497311 0.0026754559502689124
38 3 10 0.38863617090354313 0.01136382909645689
38 3 12 0.394241868395035 0.005758131604965022
38 4 86 0.39737495848686905 0.0026250415131309768
38 10 12 0.38323647500062613 0.01676352499937389
38 11 12 0.38186492375313164 0.018135076246868387
38 11 91 0.23997072854603715 0.16002927145396287
38 12 84 0.386442736069392 0.013557263930608021
38 13 97 0.39129740082989317 0.00870259917010685
38 19 100 0.391700681904285 0.008299318095715047
38 19 109 0.38186946563618446 0.018130534363815565
38 19 110 0.30693597178904847 0.09306402821095155
38 19 119 0.3739452815226631 0.026054718477336924
38 22 112 0.3909487135864059 0.009051286413594095
38 25 89 0.39235500532425527 0.007644994675744754
38 28 100 0.08824503295697553 0.3117549670430245
38 28 128 0.3983504650808543 0.001649534919145712
38 29 48 0.39377421994012346 0.006225780059876562
38 37 46 0.3932874996559843 0.006712500344015715
38 38 47 0.38172638588173097 0.018273614118269055
38 38 119 0.3850083367820285 0.014991663217971518
38 38 129 0.38358775337305445 0.01641224662694557
38 38 137 0.387329689292557 0.012670310707443011
38 46 136 0.391945061797085 0.00805493820291503
38 47 55 0.38479481920542496 0.015205180794575057
38 47 56 0.3740305032332294 0.025969496766770628
38 47 127 0.39444520425008134 0.005554795749918684
38 47 136 0.38384422329542167 0.01615577670457835
38 50 59 0.3952428640832112 0.004757135916788835
38 55 127 0.3911486306606469 0.008851369339353099
38 55 136 0.3862591868100856 0.013740813189914436
38 56 74 0.3321666445184413 0.06783335548155872
38 56 129 0.37537596381904975 0.02462403618095027
38 57 67 0.39430858739708663 0.005691412602913393
38 58 75 0.3852471968192931 0.01475280318070693
38 64 73 0.2959505533040482 0.10404944669595184
38 64 74 0.37799697000124743 0.022003029998752588
38 64 136 0.3801122577749112 0.019887742225088823
38 65 73 0.38501488694734676 0.014985113052653265
38 65 148 0.35532600766637323 0.04467399233362679
38 66 77 0.38511279303072166 0.014887206969278366
38 66 148 0.36726834663574204 0.032731653364257984
38 74 145 0.3872164620873553 0.012783537912644749
38 75 129 0.21247190135684957 0.18752809864315045
38 75 145 0.39287561356073214 0.007124386439267882
38 76 139 0.3915578179228532 0.00844218207714681
38 76 148 0.37997644832249905 0.020023551677500973
38 78 80 0.3984136544490466 0.0015863455509534385
38 82 84 0.39680002689289096 0.0031999731071090665
38 90 96 0.39796674526336273 0.002033254736637291
38 91 101 0.3937354693916596 0.006264530608340424
38 92 110 0.39162522909542047 0.008374770904579554
38 101 118 0.3976547431524765 0.0023452568475235136
38 102 103 0.39579952632045223 0.004200473679547789
38 119 137 0.38533673462012313 0.014663265379876889
38 129 137 0.3865166866078669 0.0134833133921331
38 145 146 0.3953182924298123 0.00468170757018771
39 1 82 0.0 0.4
39 1 84 0.39680002689289096 0.0031999731071090665
39 2 86 0.39026439862252604 0.00973560137747398
39 2 94 0.3956466156518733 0.00435338434812671
39 3 12 0.394241868395035 0.005758131604965022
39 4 7 0.3944902529891018 0.005509747010898236
39 4 86 0.39767549348033326 0.002324506519666758
39 8 51 0.3904817892032983 0.009518210796701732
39 10 85 0.39350496363421905 0.006495036365780971
39 11 12 0.38186492375313164 0.018135076246868387
39 11 91 0.23997072854603715 0.16002927145396287
39 12 84 0.386442736069392 0.013557263930608021
39 13 97 0.39129740082989317 0.00870259917010685
39 14 23 0.3933393572787298 0.006660642721270205
39 19 30 0.39049261201701774 0.009507387982982285
39 19 109 0.3983679381618047 0.001632061838195309
39 19 110 0.39184629235075635 0.008153707649243669
39 19 119 0.3882519784878349 0.011748021512165141
39 22 112 0.3909487135864059 0.009051286413594095
39 25 89 0.39235500532425527 0.007644994675744754
39 28 100 0.08824503295697553 0.3117549670430245
39 28 128 0.3983504650808543 0.001649534919145712
39 32 124 0.39490202200123214 0.0050979779987678775
39 37 46 0.3932874996559843 0.006712500344015715
39 37 73 0.37371337141038263 0.02628662858961739
39 38 47 0.38172638588173097 0.018273614118269055
39 38 119 0.3850083367820285 0.014991663217971518
39 38 129 0.38358775337305445 0.01641224662694557
39 38 137 0.387329689292557 0.012670310707443011
39 46 136 0.391945061797085 0.00805493820291503
39 47 55 0.38479481920542496 0.015205180794575057
39 47 56 0.3740305032332294 0.025969496766770628
39 47 127 0.39444520425008134 0.005554795749918684
39 47 136 0.38384422329542167 0.01615577670457835
39 48 149 0.39319622543295585 0.006803774567044174
39 50 59 0.3952428640832112 0.004757135916788835
39 55 127 0.3911486306606469 0.008851369339353099
39 55 136 0.3862591868100856 0.013740813189914436
39 56 129 0.37537596381904975 0.02462403618095027
39 57 138 0.39097280684739083 0.009027193152609192
39 58 75 0.3852471968192931 0.01475280318070693
39 64 73 0.35651252160160074 0.04348747839839928
39 64 136 0.3801122577749112 0.019887742225088823
39 65 148 0.35532600766637323 0.04467399233362679
39 66 77 0.38511279303072166 0.014887206969278366
39 66 148 0.36726834663574204 0.032731653364257984
39 74 76 0.39451390156932387 0.005486098430676156
39 75 129 0.21247190135684957 0.18752809864315045
39 75 145 0.39287561356073214 0.007124386439267882
39 76 139 0.3915578179228532 0.00844218207714681
39 76 148 0.37997644832249905 0.020023551677500973
39 78 80 0.3984136544490466 0.0015863455509534385
39 82 84 0.39680002689289096 0.0031999731071090665
39 90 96 0.39796674526336273 0.002033254736637291
39 91 101 0.3937354693916596 0.006264530608340424
39 92 110 0.39162522909542047 0.008374770904579554
39 93 105 0.3969607212558247 0.003039278744175311
39 101 118 0.3976547431524765 0.0023452568475235136
39 102 103 0.39579952632045223 0.004200473679547789
39 109 120 0.3927680146706542 0.007231985329345825
39 113 133 0.3923728264115744 0.007627173588425629
39 119 137 0.38533673462012313 0.014663265379876889
39 129 137 0.3865166866078669 0.0134833133921331
39 145 146 0.3953182924298123 0.00468170757018771
40 1 84 0.39680002689289096 0.0031999731071090665
40 2 86 0.39026439862252604 0.00973560137747398
40 3 12 0.394241868395035 0.005758131604965022
40 4 7 0.3944902529891018 0.005509747010898236
40 4 86 0.39767549348033326 0.002324506519666758
40 10 85 0.39350496363421905 0.006495036365780971
40 11 12 0.38186492375313164 0.018135076246868387
40 11 82 0.3910363804278951 0.008963619572104897
40 11 91 0.23997072854603715 0.16002927145396287
40 12 82 0.12884232549471247 0.27115767450528755
40 12 84 0.386442736069392 0.013557263930608021
40 13 87 0.39808788691342833 0.0019121130865716873
40 14 23 0.3933393572787298 0.006660642721270205
40 17 83 0.39378778646270296 0.006212213537297062
40 19 30 0.39049261201701774 0.009507387982982285
40 19 100 0.3875953310082675 0.012404668991732537
40 19 109 0.3983679381618047 0.001632061838195309
40 19 110 0.39184629235075635 0.008153707649243669
40 19 119 0.3882519784878349 0.011748021512165141
40 22 112 0.3909487135864059 0.009051286413594095
40 23 103 0.394726848368101 0.005273151631899009
40 25 89 0.39235500532425527 0.007644994675744754
40 28 100 0.2285119310643248 0.17148806893567523
40 28 128 0.3983504650808543 0.001649534919145712
40 32 124 0.39490202200123214 0.0050979779987678775
40 37 46 0.3932874996559843 0.006712500344015715
40 37 73 0.37371337141038263 0.02628662858961739
40 38 47 0.38172638588173097 0.018273614118269055
40 38 119 0.3850083367820285 0.014991663217971518
40 38 129 0.38358775337305445 0.01641224662694557
40 38 137 0.387329689292557 0.012670310707443011
40 46 136 0.391945061797085 0.00805493820291503
40 47 55 0.38479481920542496 0.015205180794575057
40 47 56 0.3740305032332294 0.025969496766770628
40 47 127 0.39444520425008134 0.005554795749918684
40 47 136 0.38384422329542167 0.01615577670457835
40 48 149 0.39319622543295585 0.006803774567044174
40 49 68 0.39452826414340025 0.005471735856599769
40 50 59 0.3952428640832112 0.004757135916788835
40 55 127 0.3911486306606469 0.008851369339353099
40 55 136 0.3862591868100856 0.013740813189914436
40 56 129 0.37537596381904975 0.02462403618095027
40 58 75 0.3799082639840277 0.020091736015972306
40 64 73 0.35651252160160074 0.04348747839839928
40 64 136 0.3801122577749112 0.019887742225088823
40 65 148 0.35532600766637323 0.04467399233362679
40 66 76 0.3922726639126931 0.007727336087306913
40 66 77 0.38511279303072166 0.014887206969278366
40 66 148 0.36726834663574204 0.032731653364257984
40 68 83 0.39653407273592 0.0034659272640800154
40 75 146 0.3659205358477505 0.034079464152249495
40 75 149 0.35566699825382614 0.04433300174617388
40 76 146 0.3921086273986133 0.007891372601386726
40 78 80 0.3984136544490466 0.0015863455509534385
40 82 92 0.3880564446811104 0.011943555318889632
40 88 95 0.39984369189012986 1.5630810987016241E-4
40 90 96 0.39796674526336273 0.002033254736637291
40 91 101 0.3937354693916596 0.006264530608340424
40 92 110 0.39162522909542047 0.008374770904579554
40 93 105 0.3969607212558247 0.003039278744175311
40 100 110 0.3835051487283623 0.016494851271637745
40 100 119 0.38495764219518513 0.015042357804814888
40 101 118 0.3976547431524765 0.0023452568475235136
40 109 120 0.3927680146706542 0.007231985329345825
40 113 133 0.3923728264115744 0.007627173588425629
40 119 137 0.38533673462012313 0.014663265379876889
40 129 137 0.3865166866078669 0.0134833133921331
40 138 139 0.39870258184382995 0.0012974181561700715
40 145 146 0.3953182924298123 0.00468170757018771
41 1 84 0.39680002689289096 0.0031999731071090665
41 2 86 0.39026439862252604 0.00973560137747398
41 3 12 0.3855798081513172 0.014420191848682817
41 4 7 0.3944902529891018 0.005509747010898236
41 4 86 0.39767549348033326 0.002324506519666758
41 8 106 0.3978550494361053 0.002144950563894743
41 10 94 0.3940210900144576 0.005978909985542402
41 11 82 0.3910363804278951 0.008963619572104897
41 11 91 0.23997072854603715 0.16002927145396287
41 12 82 0.38317729953039087 0.016822700469609153
41 13 97 0.3952761670540178 0.00472383294598222
41 14 23 0.3933393572787298 0.006660642721270205
41 19 30 0.39049261201701774 0.009507387982982285
41 19 100 0.3875953310082675 0.012404668991732537
41 19 109 0.3983679381618047 0.001632061838195309
41 19 110 0.39184629235075635 0.008153707649243669
41 19 119 0.3882519784878349 0.011748021512165141
41 22 112 0.3909487135864059 0.009051286413594095
41 23 103 0.394726848368101 0.005273151631899009
41 25 89 0.39235500532425527 0.007644994675744754
41 28 100 0.2285119310643248 0.17148806893567523
41 28 128 0.3983504650808543 0.001649534919145712
41 37 46 0.3932874996559843 0.006712500344015715
41 37 73 0.37371337141038263 0.02628662858961739
41 38 47 0.38172638588173097 0.018273614118269055
41 38 119 0.3850083367820285 0.014991663217971518
41 46 136 0.391945061797085 0.00805493820291503
41 47 55 0.38479481920542496 0.015205180794575057
41 47 56 0.39926747065563456 7.325293443654624E-4
41 47 127 0.39444520425008134 0.005554795749918684
41 47 136 0.38384422329542167 0.01615577670457835
41 48 149 0.39319622543295585 0.006803774567044174
41 55 127 0.3911486306606469 0.008851369339353099
41 55 136 0.3862591868100856 0.013740813189914436
41 56 145 0.3946148086306969 0.0053851913693030995
41 58 75 0.3799082639840277 0.020091736015972306
41 58 129 0.3919719594530461 0.00802804054695394
41 64 73 0.35651252160160074 0.04348747839839928
41 64 136 0.3801122577749112 0.019887742225088823
41 65 148 0.35532600766637323 0.04467399233362679
41 66 76 0.3922726639126931 0.007727336087306913
41 66 77 0.38511279303072166 0.014887206969278366
41 66 148 0.36726834663574204 0.032731653364257984
41 75 146 0.3659205358477505 0.034079464152249495
41 75 149 0.35566699825382614 0.04433300174617388
41 76 146 0.3921086273986133 0.007891372601386726
41 78 80 0.3984136544490466 0.0015863455509534385
41 82 92 0.3880564446811104 0.011943555318889632
41 88 95 0.39984369189012986 1.5630810987016241E-4
41 91 101 0.3937354693916596 0.006264530608340424
41 92 110 0.39162522909542047 0.008374770904579554
41 100 110 0.3835051487283623 0.016494851271637745
41 100 119 0.38495764219518513 0.015042357804814888
41 101 118 0.3976547431524765 0.0023452568475235136
41 102 103 0.39943311616913435 5.668838308656721E-4
41 109 120 0.3927680146706542 0.007231985329345825
41 145 146 0.3953182924298123 0.00468170757018771
42 1 84 0.39680002689289096 0.0031999731071090665
42 2 86 0.39026439862252604 0.00973560137747398
42 3 12 0.3855798081513172 0.014420191848682817
42 4 7 0.3944902529891018 0.005509747010898236
42 4 86 0.39767549348033326 0.002324506519666758
42 10 94 0.3940210900144576 0.005978909985542402
42 11 82 0.3910363804278951 0.008963619572104897
42 11 91 0.23997072854603715 0.16002927145396287
42 12 82 0.38317729953039087 0.016822700469609153
42 13 97 0.3952761670540178 0.00472383294598222
42 14 23 0.3933393572787298 0.006660642721270205
42 17 69 0.3950570019009102 0.004942998099089824
42 19 100 0.3875953310082675 0.012404668991732537
42 19 110 0.39184629235075635 0.008153707649243669
42 19 119 0.3882519784878349 0.011748021512165141
42 21 30 0.3980622231020907 0.0019377768979093046
42 23 103 0.394726848368101 0.005273151631899009
42 25 89 0.39235500532425527 0.007644994675744754
42 28 100 0.2285119310643248 0.17148806893567523
42 28 128 0.3983504650808543 0.001649534919145712
42 37 46 0.3932874996559843 0.006712500344015715
42 37 73 0.37371337141038263 0.02628662858961739
42 38 47 0.38172638588173097 0.018273614118269055
42 38 119 0.3850083367820285 0.014991663217971518
42 46 136 0.391945061797085 0.00805493820291503
42 47 55 0.38479481920542496 0.015205180794575057
42 47 127 0.39444520425008134 0.005554795749918684
42 47 136 0.38384422329542167 0.01615577670457835
42 50 59 0.3988900185475008 0.0011099814524992424
42 55 127 0.3911486306606469 0.008851369339353099
42 55 136 0.3862591868100856 0.013740813189914436
42 56 145 0.3966307565071527 0.0033692434928473403
42 57 67 0.3915487018145325 0.008451298185467526
42 58 75 0.3799082639840277 0.020091736015972306
42 58 129 0.3919719594530461 0.00802804054695394
42 60 87 0.393185754448031 0.006814245551969023
42 64 73 0.35651252160160074 0.04348747839839928
42 64 136 0.3801122577749112 0.019887742225088823
42 65 148 0.35532600766637323 0.04467399233362679
42 66 76 0.3922726639126931 0.007727336087306913
42 66 77 0.38511279303072166 0.014887206969278366
42 66 148 0.36726834663574204 0.032731653364257984
42 69 123 0.3966655219625666 0.0033344780374334193
42 70 130 0.394562161801075 0.005437838198925016
42 75 146 0.38494576725670726 0.015054232743292761
42 76 146 0.38681418073201473 0.013185819267985288
42 78 80 0.3984136544490466 0.0015863455509534385
42 82 92 0.3880564446811104 0.011943555318889632
42 91 101 0.3937354693916596 0.006264530608340424
42 92 110 0.39162522909542047 0.008374770904579554
42 100 110 0.3835051487283623 0.016494851271637745
42 100 119 0.38495764219518513 0.015042357804814888
42 101 118 0.3976547431524765 0.0023452568475235136
42 102 103 0.39943311616913435 5.668838308656721E-4
42 139 146 0.388895762252803 0.011104237747197043
43 1 84 0.39680002689289096 0.0031999731071090665
43 2 86 0.39026439862252604 0.00973560137747398
43 3 12 0.3855798081513172 0.014420191848682817
43 4 14 0.3960278072067893 0.003972192793210705
43 11 82 0.3910363804278951 0.008963619572104897
43 11 91 0.23997072854603715 0.16002927145396287
43 12 82 0.38317729953039087 0.016822700469609153
43 13 96 0.3919007307202487 0.008099269279751298
43 15 96 0.3954824542436205 0.004517545756379526
43 17 69 0.3950570019009102 0.004942998099089824
43 20 39 0.39212349003912467 0.007876509960875355
43 21 30 0.3980622231020907 0.0019377768979093046
43 23 103 0.3921305639343237 0.007869436065676305
43 25 89 0.39235500532425527 0.007644994675744754
43 28 100 0.2285119310643248 0.17148806893567523
43 28 128 0.3983504650808543 0.001649534919145712
43 37 46 0.3932874996559843 0.006712500344015715
43 37 73 0.37371337141038263 0.02628662858961739
43 38 47 0.38807118020859516 0.011928819791404865
43 38 119 0.3850083367820285 0.014991663217971518
43 46 136 0.391945061797085 0.00805493820291503
43 47 56 0.38963660614674933 0.01036339385325069
43 47 136 0.39008013655350915 0.009919863446490873
43 55 127 0.3911486306606469 0.008851369339353099
43 55 136 0.3862591868100856 0.013740813189914436
43 56 145 0.3966307565071527 0.0033692434928473403
43 57 139 0.3956034676695025 0.004396532330497527
43 58 75 0.3799082639840277 0.020091736015972306
43 58 129 0.3919719594530461 0.00802804054695394
43 64 73 0.35651252160160074 0.04348747839839928
43 64 136 0.3801122577749112 0.019887742225088823
43 65 148 0.35532600766637323 0.04467399233362679
43 66 76 0.3922726639126931 0.007727336087306913
43 66 77 0.38511279303072166 0.014887206969278366
43 66 148 0.36726834663574204 0.032731653364257984
43 69 123 0.3966655219625666 0.0033344780374334193
43 75 146 0.38494576725670726 0.015054232743292761
43 76 146 0.38681418073201473 0.013185819267985288
43 78 80 0.3984136544490466 0.0015863455509534385
43 82 92 0.3880564446811104 0.011943555318889632
43 86 94 0.39845218153994816 0.001547818460051864
43 91 101 0.3937354693916596 0.006264530608340424
43 92 110 0.39162522909542047 0.008374770904579554
43 96 140 0.3949025377871809 0.005097462212819148
43 100 110 0.3835051487283623 0.016494851271637745
43 100 119 0.38495764219518513 0.015042357804814888
43 101 118 0.3976547431524765 0.0023452568475235136
44 1 84 0.39680002689289096 0.0031999731071090665
44 2 86 0.39026439862252604 0.00973560137747398
44 3 12 0.3855798081513172 0.014420191848682817
44 3 82 0.39282152098211803 0.007178479017881989
44 11 82 0.38737773062067987 0.01262226937932015
44 11 91 0.23997072854603715 0.16002927145396287
44 12 82 0.38776658218199117 0.012233417818008852
44 13 96 0.3919007307202487 0.008099269279751298
44 15 96 0.3954824542436205 0.004517545756379526
44 19 100 0.3723271848280469 0.027672815171953136
44 20 120 0.3943219448169989 0.0056780551830011294
44 21 30 0.3980622231020907 0.0019377768979093046
44 23 103 0.3921305639343237 0.007869436065676305
44 25 89 0.39235500532425527 0.007644994675744754
44 28 100 0.3676218357080875 0.03237816429191254
44 28 128 0.3983504650808543 0.001649534919145712
44 37 46 0.3932874996559843 0.006712500344015715
44 37 73 0.37371337141038263 0.02628662858961739
44 38 47 0.38807118020859516 0.011928819791404865
44 38 119 0.3850083367820285 0.014991663217971518
44 46 136 0.391945061797085 0.00805493820291503
44 47 56 0.38963660614674933 0.01036339385325069
44 47 136 0.39008013655350915 0.009919863446490873
44 55 127 0.3911486306606469 0.008851369339353099
44 55 136 0.3862591868100856 0.013740813189914436
44 56 145 0.3966307565071527 0.0033692434928473403
44 57 139 0.3956034676695025 0.004396532330497527
44 64 73 0.35651252160160074 0.04348747839839928
44 64 136 0.3801122577749112 0.019887742225088823
44 65 148 0.35532600766637323 0.04467399233362679
44 66 76 0.3922726639126931 0.007727336087306913
44 66 77 0.38511279303072166 0.014887206969278366
44 66 148 0.36726834663574204 0.032731653364257984
44 76 146 0.38681418073201473 0.013185819267985288
44 78 80 0.3984136544490466 0.0015863455509534385
44 82 84 0.39197496300053014 0.008025036999469881
44 86 94 0.39845218153994816 0.001547818460051864
44 90 95 0.39089093463700947 0.009109065362990554
44 91 101 0.3937354693916596 0.006264530608340424
44 96 140 0.3949025377871809 0.005097462212819148
44 100 110 0.29788486209229237 0.10211513790770765
44 100 119 0.381476113342125 0.01852388665787502
44 101 118 0.3976547431524765 0.0023452568475235136
45 1 84 0.39680002689289096 0.0031999731071090665
45 2 86 0.39026439862252604 0.00973560137747398
45 3 82 0.3989825627680593 0.0010174372319406988
45 4 23 0.3972446143915212 0.002755385608478822
45 4 94 0.3912822435844811 0.008717756415518918
45 8 121 0.3949639509864664 0.005036049013533606
45 10 12 0.3914649523247314 0.008535047675268637
45 11 91 0.38818326653896135 0.011816733461038675
45 11 92 0.38550768108390154 0.014492318916098479
45 11 101 0.3818786422752548 0.018121357724745213
45 14 97 0.39009528745022076 0.00990471254977926
45 19 100 0.3723271848280469 0.027672815171953136
45 21 30 0.3980622231020907 0.0019377768979093046
45 22 103 0.3976199934467614 0.0023800065532386117
45 25 89 0.39235500532425527 0.007644994675744754
45 28 100 0.3676218357080875 0.03237816429191254
45 28 128 0.3983504650808543 0.001649534919145712
45 37 46 0.3932874996559843 0.006712500344015715
45 37 73 0.37371337141038263 0.02628662858961739
45 38 47 0.38807118020859516 0.011928819791404865
45 38 119 0.3850083367820285 0.014991663217971518
45 46 136 0.391945061797085 0.00805493820291503
45 47 56 0.38963660614674933 0.01036339385325069
45 47 136 0.39008013655350915 0.009919863446490873
45 50 59 0.3912613166320862 0.008738683367913835
45 55 127 0.3911486306606469 0.008851369339353099
45 55 136 0.3862591868100856 0.013740813189914436
45 58 145 0.39773740122564205 0.002262598774357971
45 64 73 0.35651252160160074 0.04348747839839928
45 64 136 0.3801122577749112 0.019887742225088823
45 65 148 0.35532600766637323 0.04467399233362679
45 66 76 0.3922726639126931 0.007727336087306913
45 66 77 0.38511279303072166 0.014887206969278366
45 66 148 0.36726834663574204 0.032731653364257984
45 74 148 0.3974311700855504 0.002568829914449622
45 76 146 0.38681418073201473 0.013185819267985288
45 78 80 0.3984136544490466 0.0015863455509534385
45 91 101 0.3937354693916596 0.006264530608340424
45 100 110 0.29788486209229237 0.10211513790770765
45 100 119 0.381476113342125 0.01852388665787502
45 101 118 0.3976547431524765 0.0023452568475235136
45 111 140 0.3985395910135027 0.0014604089864972969
46 1 84 0.39680002689289096 0.0031999731071090665
46 2 86 0.39026439862252604 0.00973560137747398
46 3 82 0.3989825627680593 0.0010174372319406988
46 11 91 0.38818326653896135 0.011816733461038675
46 11 101 0.3818786422752548 0.018121357724745213
46 12 85 0.39671038850739637 0.00328961149260365
46 19 109 0.39255943678455807 0.007440563215441953
46 19 137 0.393549742885996 0.006450257114004043
46 20 48 0.39654637368306644 0.003453626316933578
46 21 30 0.3980622231020907 0.0019377768979093046
46 22 103 0.3976199934467614 0.0023800065532386117
46 25 89 0.39235500532425527 0.007644994675744754
46 28 100 0.3676218357080875 0.03237816429191254
46 28 128 0.3983504650808543 0.001649534919145712
46 29 58 0.3928807975064148 0.007119202493585219
46 37 46 0.3932874996559843 0.006712500344015715
46 37 73 0.37371337141038263 0.02628662858961739
46 38 47 0.38807118020859516 0.011928819791404865
46 38 119 0.3850083367820285 0.014991663217971518
46 46 136 0.391945061797085 0.00805493820291503
46 47 56 0.38963660614674933 0.01036339385325069
46 47 136 0.39008013655350915 0.009919863446490873
46 55 127 0.3911486306606469 0.008851369339353099
46 55 136 0.3862591868100856 0.013740813189914436
46 57 138 0.3915628864513003 0.008437113548699748
46 58 145 0.39773740122564205 0.002262598774357971
46 59 130 0.3980362039936532 0.0019637960063468296
46 64 65 0.3912899092009065 0.008710090799093517
46 64 136 0.3994270480869754 5.729519130246441E-4
46 65 148 0.35532600766637323 0.04467399233362679
46 66 76 0.3922726639126931 0.007727336087306913
46 66 77 0.38511279303072166 0.014887206969278366
46 66 148 0.36726834663574204 0.032731653364257984
46 70 130 0.39256514103439 0.007434858965610025
46 74 148 0.3974311700855504 0.002568829914449622
46 76 146 0.38681418073201473 0.013185819267985288
46 78 80 0.3984136544490466 0.0015863455509534385
46 91 101 0.3937354693916596 0.006264530608340424
46 95 96 0.39080157047288 0.009198429527120022
46 100 119 0.381476113342125 0.01852388665787502
46 101 118 0.3976547431524765 0.0023452568475235136
46 129 137 0.3957341305099156 0.004265869490084395
47 1 84 0.39680002689289096 0.0031999731071090665
47 2 86 0.39026439862252604 0.00973560137747398
47 3 82 0.3986956205708871 0.001304379429112934
47 10 103 0.39191123206815354 0.008088767931846486
47 12 85 0.39671038850739637 0.00328961149260365
47 19 137 0.393549742885996 0.006450257114004043
47 22 120 0.39664278337185793 0.00335721662814209
47 25 89 0.39235500532425527 0.007644994675744754
47 28 100 0.3676218357080875 0.03237816429191254
47 28 128 0.3983504650808543 0.001649534919145712
47 29 58 0.3928807975064148 0.007119202493585219
47 37 46 0.3932874996559843 0.006712500344015715
47 37 73 0.37371337141038263 0.02628662858961739
47 38 47 0.38807118020859516 0.011928819791404865
47 38 119 0.3850083367820285 0.014991663217971518
47 46 136 0.391945061797085 0.00805493820291503
47 47 56 0.38963660614674933 0.01036339385325069
47 47 136 0.39008013655350915 0.009919863446490873
47 49 105 0.39947344916796446 5.265508320355661E-4
47 55 127 0.3911486306606469 0.008851369339353099
47 55 136 0.3862591868100856 0.013740813189914436
47 57 138 0.3915628864513003 0.008437113548699748
47 58 145 0.39773740122564205 0.002262598774357971
47 59 130 0.3980362039936532 0.0019637960063468296
47 64 65 0.3912899092009065 0.008710090799093517
47 64 136 0.3994270480869754 5.729519130246441E-4
47 65 148 0.35532600766637323 0.04467399233362679
47 66 76 0.3922726639126931 0.007727336087306913
47 66 77 0.38511279303072166 0.014887206969278366
47 66 148 0.36726834663574204 0.032731653364257984
47 74 148 0.3974311700855504 0.002568829914449622
47 76 146 0.38681418073201473 0.013185819267985288
47 78 80 0.3984136544490466 0.0015863455509534385
47 83 123 0.39380572593779856 0.006194274062201466
47 91 101 0.3937354693916596 0.006264530608340424
47 95 96 0.39080157047288 0.009198429527120022
47 100 119 0.381476113342125 0.01852388665787502
47 101 118 0.3976547431524765 0.0023452568475235136
47 129 137 0.3957341305099156 0.004265869490084395
48 1 84 0.39680002689289096 0.0031999731071090665
48 2 86 0.39026439862252604 0.00973560137747398
48 3 82 0.3986956205708871 0.001304379429112934
48 12 85 0.39671038850739637 0.00328961149260365
48 19 119 0.3933979204763681 0.0066020795236318985
48 22 120 0.39664278337185793 0.00335721662814209
48 25 89 0.39235500532425527 0.007644994675744754
48 28 128 0.3983504650808543 0.001649534919145712
48 29 137 0.3914733300171556 0.008526669982844404
48 37 46 0.3932874996559843 0.006712500344015715
48 37 73 0.37371337141038263 0.02628662858961739
48 38 47 0.38807118020859516 0.011928819791404865
48 38 119 0.3990617959656209 9.382040343791087E-4
48 46 136 0.391945061797085 0.00805493820291503
48 47 56 0.38963660614674933 0.01036339385325069
48 47 136 0.39008013655350915 0.009919863446490873
48 48 75 0.3926535906597407 0.007346409340259319
48 55 127 0.3911486306606469 0.008851369339353099
48 55 136 0.3862591868100856 0.013740813189914436
48 56 74 0.3926171404467901 0.007382859553209942
48 57 138 0.3915628864513003 0.008437113548699748
48 58 145 0.3973681958420369 0.0026318041579631024
48 59 149 0.3897633377645866 0.010236662235413418
48 64 65 0.3912899092009065 0.008710090799093517
48 64 136 0.3994270480869754 5.729519130246441E-4
48 65 148 0.35532600766637323 0.04467399233362679
48 66 76 0.3922726639126931 0.007727336087306913
48 66 77 0.38511279303072166 0.014887206969278366
48 66 148 0.36726834663574204 0.032731653364257984
48 74 76 0.39825550660294645 0.0017444933970535703
48 74 145 0.3965978665639564 0.0034021334360436195
48 78 80 0.3984136544490466 0.0015863455509534385
48 91 101 0.3937354693916596 0.006264530608340424
48 100 110 0.3988121718291829 0.00118782817081714
48 101 118 0.3976547431524765 0.0023452568475235136
48 129 137 0.39633814004840606 0.00366185995159396
49 1 84 0.39680002689289096 0.0031999731071090665
49 2 86 0.39026439862252604 0.00973560137747398
49 19 109 0.39879318303920086 0.001206816960799162
49 22 120 0.394534069556603 0.005465930443397049
49 25 89 0.39235500532425527 0.007644994675744754
49 28 128 0.3983504650808543 0.001649534919145712
49 37 46 0.3932874996559843 0.006712500344015715
49 37 73 0.37371337141038263 0.02628662858961739
49 38 47 0.38807118020859516 0.011928819791404865
49 38 119 0.3990617959656209 9.382040343791087E-4
49 40 81 0.3935330971888141 0.006466902811185948
49 46 136 0.391945061797085 0.00805493820291503
49 47 56 0.38963660614674933 0.01036339385325069
49 47 136 0.39008013655350915 0.009919863446490873
49 48 75 0.3926535906597407 0.007346409340259319
49 55 127 0.3911486306606469 0.008851369339353099
49 55 136 0.3862591868100856 0.013740813189914436
49 56 74 0.3926171404467901 0.007382859553209942
49 57 130 0.3916016273535891 0.008398372646410912
49 58 145 0.3973681958420369 0.0026318041579631024
49 64 65 0.396437416772811 0.003562583227188998
49 65 148 0.35532600766637323 0.04467399233362679
49 66 76 0.3922726639126931 0.007727336087306913
49 66 77 0.38511279303072166 0.014887206969278366
49 66 148 0.36726834663574204 0.032731653364257984
49 74 76 0.39825550660294645 0.0017444933970535703
49 74 145 0.3965978665639564 0.0034021334360436195
49 78 80 0.3984136544490466 0.0015863455509534385
49 82 92 0.3964544751616513 0.003545524838348746
49 91 101 0.3937354693916596 0.006264530608340424
49 100 110 0.3988121718291829 0.00118782817081714
49 101 118 0.3976547431524765 0.0023452568475235136
50 1 84 0.39680002689289096 0.0031999731071090665
50 2 86 0.39026439862252604 0.00973560137747398
50 19 109 0.39879318303920086 0.001206816960799162
50 20 39 0.394654792441667 0.005345207558333009
50 21 102 0.3975067239664245 0.00249327603357552
50 22 103 0.39869414773606543 0.0013058522639345926
50 25 89 0.39235500532425527 0.007644994675744754
50 28 128 0.3983504650808543 0.001649534919145712
50 37 46 0.3932874996559843 0.006712500344015715
50 37 73 0.37371337141038263 0.02628662858961739
50 38 47 0.38807118020859516 0.011928819791404865
50 38 119 0.3990617959656209 9.382040343791087E-4
50 40 104 0.392932886930869 0.007067113069131048
50 46 136 0.39968006341193774 3.199365880622862E-4
50 48 75 0.3926535906597407 0.007346409340259319
50 55 127 0.3911486306606469 0.008851369339353099
50 57 130 0.3916016273535891 0.008398372646410912
50 58 74 0.39641279964859544 0.0035872003514045847
50 61 121 0.39622503794043795 0.0037749620595620703
50 64 65 0.396437416772811 0.003562583227188998
50 64 148 0.3964892400588349 0.0035107599411651202
50 66 76 0.3922726639126931 0.007727336087306913
50 66 77 0.38511279303072166 0.014887206969278366
50 73 136 0.3937094582304296 0.006290541769570446
50 74 148 0.3924850733178552 0.007514926682144818
50 75 146 0.3915618914370261 0.008438108562973945
50 78 80 0.3984136544490466 0.0015863455509534385
50 82 92 0.3964544751616513 0.003545524838348746
50 91 101 0.3937354693916596 0.006264530608340424
50 100 110 0.3951017194891906 0.004898280510809427
50 101 118 0.3976547431524765 0.0023452568475235136
50 138 146 0.39127658538816235 0.008723414611837677
51 1 84 0.39680002689289096 0.0031999731071090665
51 2 86 0.39026439862252604 0.00973560137747398
51 22 103 0.39869414773606543 0.0013058522639345926
51 25 89 0.39235500532425527 0.007644994675744754
51 28 128 0.3983504650808543 0.001649534919145712
51 29 120 0.3955076614178095 0.004492338582190503
51 37 46 0.3932874996559843 0.006712500344015715
51 37 73 0.37371337141038263 0.02628662858961739
51 38 47 0.38807118020859516 0.011928819791404865
51 38 119 0.3990617959656209 9.382040343791087E-4
51 40 104 0.392932886930869 0.007067113069131048
51 46 136 0.39968006341193774 3.199365880622862E-4
51 55 127 0.3911486306606469 0.008851369339353099
51 58 74 0.39641279964859544 0.0035872003514045847
51 64 148 0.3964892400588349 0.0035107599411651202
51 66 76 0.3922726639126931 0.007727336087306913
51 73 136 0.3937094582304296 0.006290541769570446
51 74 148 0.3924850733178552 0.007514926682144818
51 75 146 0.3915618914370261 0.008438108562973945
51 78 80 0.3984136544490466 0.0015863455509534385
51 82 92 0.3964544751616513 0.003545524838348746
51 91 101 0.3937354693916596 0.006264530608340424
51 100 110 0.3951017194891906 0.004898280510809427
51 101 118 0.3976547431524765 0.0023452568475235136
51 138 146 0.39127658538816235 0.008723414611837677
52 1 84 0.39680002689289096 0.0031999731071090665
52 2 86 0.39026439862252604 0.00973560137747398
52 25 89 0.39235500532425527 0.007644994675744754
52 28 128 0.3983504650808543 0.001649534919145712
52 29 120 0.3955076614178095 0.004492338582190503
52 37 46 0.3932874996559843 0.006712500344015715
52 38 47 0.38807118020859516 0.011928819791404865
52 38 119 0.3990617959656209 9.382040343791087E-4
52 39 70 0.3952449278300043 0.004755072169995711
52 46 136 0.39968006341193774 3.199365880622862E-4
52 55 127 0.3911486306606469 0.008851369339353099
52 64 148 0.3964892400588349 0.0035107599411651202
52 66 76 0.3922726639126931 0.007727336087306913
52 70 130 0.3951730330461629 0.0048269669538371085
52 77 147 0.39080535221383933 0.009194647786160692
52 91 101 0.3937354693916596 0.006264530608340424
52 100 110 0.3951017194891906 0.004898280510809427
52 101 118 0.3976547431524765 0.0023452568475235136
52 138 146 0.39127658538816235 0.008723414611837677
53 1 84 0.39680002689289096 0.0031999731071090665
53 2 86 0.39026439862252604 0.00973560137747398
53 20 57 0.39450674309633094 0.005493256903669086
53 20 120 0.3922344310329564 0.007765568967043612
53 25 89 0.39235500532425527 0.007644994675744754
53 28 128 0.3983504650808543 0.001649534919145712
53 29 137 0.3975874239226318 0.0024125760773682225
53 37 46 0.3932874996559843 0.006712500344015715
53 38 119 0.3990617959656209 9.382040343791087E-4
53 39 70 0.3952449278300043 0.004755072169995711
53 46 136 0.39968006341193774 3.199365880622862E-4
53 55 127 0.3911486306606469 0.008851369339353099
53 64 148 0.3964892400588349 0.0035107599411651202
53 66 76 0.39742260967937215 0.0025773903206278703
53 75 146 0.39888195724547926 0.001118042754520765
53 76 145 0.39664868233847433 0.003351317661525688
53 77 147 0.39080535221383933 0.009194647786160692
53 91 101 0.3937354693916596 0.006264530608340424
53 100 110 0.3951017194891906 0.004898280510809427
53 101 118 0.3976547431524765 0.0023452568475235136
53 138 146 0.39127658538816235 0.008723414611837677
54 1 84 0.39680002689289096 0.0031999731071090665
54 2 86 0.39026439862252604 0.00973560137747398
54 11 92 0.398366849975113 0.001633150024887009
54 21 102 0.3895616370567038 0.010438362943296198
54 25 89 0.39235500532425527 0.007644994675744754
54 28 128 0.3983504650808543 0.001649534919145712
54 29 137 0.3975874239226318 0.0024125760773682225
54 37 46 0.3932874996559843 0.006712500344015715
54 38 119 0.3990617959656209 9.382040343791087E-4
54 46 136 0.39968006341193774 3.199365880622862E-4
54 55 127 0.3911486306606469 0.008851369339353099
54 66 76 0.39742260967937215 0.0025773903206278703
54 69 83 0.39264273622103757 0.007357263778962453
54 74 148 0.39686388835613773 0.003136111643862294
54 75 146 0.39888195724547926 0.001118042754520765
54 76 145 0.39664868233847433 0.003351317661525688
54 76 148 0.39706698551357456 0.002933014486425467
54 77 147 0.39080535221383933 0.009194647786160692
54 101 118 0.3976547431524765 0.0023452568475235136
55 1 84 0.39680002689289096 0.0031999731071090665
55 2 86 0.39026439862252604 0.00973560137747398
55 11 92 0.398366849975113 0.001633150024887009
55 21 22 0.39402294624614476 0.005977053753855266
55 23 112 0.39673192856872036 0.003268071431279662
55 25 89 0.39235500532425527 0.007644994675744754
55 28 128 0.3983504650808543 0.001649534919145712
55 29 137 0.3975874239226318 0.0024125760773682225
55 37 46 0.3932874996559843 0.006712500344015715
55 46 136 0.39968006341193774 3.199365880622862E-4
55 55 127 0.3911486306606469 0.008851369339353099
55 101 118 0.3976547431524765 0.0023452568475235136
56 1 84 0.39680002689289096 0.0031999731071090665
56 2 86 0.39026439862252604 0.00973560137747398
56 23 112 0.39673192856872036 0.003268071431279662
56 25 89 0.39235500532425527 0.007644994675744754
56 29 137 0.3975874239226318 0.0024125760773682225
56 37 46 0.3932874996559843 0.006712500344015715
56 46 136 0.39968006341193774 3.199365880622862E-4
56 55 127 0.3911486306606469 0.008851369339353099
56 60 97 0.3992724711487728 7.275288512272327E-4
57 1 84 0.39680002689289096 0.0031999731071090665
57 2 86 0.39026439862252604 0.00973560137747398
57 14 23 0.39541505914312175 0.004584940856878272
57 23 24 0.38845342497056956 0.011546575029430461
57 25 89 0.39235500532425527 0.007644994675744754
57 29 137 0.3975874239226318 0.0024125760773682225
57 37 46 0.3932874996559843 0.006712500344015715
57 46 136 0.39968006341193774 3.199365880622862E-4
57 55 127 0.3911486306606469 0.008851369339353099
58 1 84 0.39680002689289096 0.0031999731071090665
58 2 86 0.39026439862252604 0.00973560137747398
58 4 103 0.3977884091335656 0.0022115908664344097
58 10 94 0.399823365160224 1.7663483977603534E-4
58 16 115 0.39998531831596323 1.4681684036788045E-5
58 23 24 0.39919597544727775 8.040245527222711E-4
58 25 89 0.39235500532425527 0.007644994675744754
58 37 46 0.3932874996559843 0.006712500344015715
58 46 136 0.39968006341193774 3.199365880622862E-4
58 48 146 0.3964118807184805 0.0035881192815195306
58 55 127 0.3911486306606469 0.008851369339353099
59 1 84 0.39680002689289096 0.0031999731071090665
59 2 86 0.39026439862252604 0.00973560137747398
59 20 22 0.39933580546361164 6.64194536388385E-4
59 25 89 0.39235500532425527 0.007644994675744754
59 37 46 0.3932874996559843 0.006712500344015715
59 46 136 0.39968006341193774 3.199365880622862E-4
59 55 127 0.3911486306606469 0.008851369339353099
59 138 146 0.39610469334908105 0.0038953066509189727
59 139 147 0.39183065347242185 0.00816934652757817
60 1 84 0.39680002689289096 0.0031999731071090665
60 2 86 0.39026439862252604 0.00973560137747398
60 20 22 0.39933580546361164 6.64194536388385E-4
60 25 89 0.39235500532425527 0.007644994675744754
60 37 46 0.3932874996559843 0.006712500344015715
60 55 127 0.3911486306606469 0.008851369339353099
60 139 147 0.39183065347242185 0.00816934652757817
61 1 84 0.39680002689289096 0.0031999731071090665
61 2 86 0.39026439862252604 0.00973560137747398
61 25 89 0.39235500532425527 0.007644994675744754
61 37 46 0.3932874996559843 0.006712500344015715
61 38 129 0.39338954311734997 0.006610456882650051
61 48 146 0.3986234228525439 0.0013765771474561483
61 55 127 0.3911486306606469 0.008851369339353099
62 1 84 0.39680002689289096 0.0031999731071090665
62 2 86 0.39026439862252604 0.00973560137747398
62 25 90 0.3988334829701695 0.001166517029830505
62 37 46 0.3932874996559843 0.006712500344015715
62 38 129 0.39338954311734997 0.006610456882650051
62 48 146 0.3986234228525439 0.0013765771474561483
62 55 127 0.3911486306606469 0.008851369339353099
63 1 84 0.39680002689289096 0.0031999731071090665
63 2 86 0.39026439862252604 0.00973560137747398
63 4 14 0.3906854789602234 0.009314521039776646
63 4 20 0.3942824631011682 0.00571753689883181
63 25 90 0.3988334829701695 0.001166517029830505
63 37 46 0.3932874996559843 0.006712500344015715
63 55 127 0.3911486306606469 0.008851369339353099
63 67 70 0.39561634181916744 0.004383658180832584
64 1 84 0.39680002689289096 0.0031999731071090665
64 2 86 0.39026439862252604 0.00973560137747398
64 20 48 0.39374779139259614 0.006252208607403886
64 21 102 0.3942791713784343 0.005720828621565699
64 25 90 0.3988334829701695 0.001166517029830505
64 37 46 0.3932874996559843 0.006712500344015715
64 55 127 0.3911486306606469 0.008851369339353099
65 1 84 0.39680002689289096 0.0031999731071090665
65 2 86 0.39026439862252604 0.00973560137747398
65 10 12 0.39818337782559493 0.0018166221744050914
65 20 48 0.39374779139259614 0.006252208607403886
65 25 90 0.3988334829701695 0.001166517029830505
65 37 46 0.3932874996559843 0.006712500344015715
65 55 127 0.3911486306606469 0.008851369339353099
66 1 84 0.39680002689289096 0.0031999731071090665
66 2 86 0.39026439862252604 0.00973560137747398
66 10 12 0.39818337782559493 0.0018166221744050914
66 25 90 0.3988334829701695 0.001166517029830505
66 37 46 0.3932874996559843 0.006712500344015715
66 55 127 0.3911486306606469 0.008851369339353099
67 1 84 0.39680002689289096 0.0031999731071090665
67 2 86 0.39026439862252604 0.00973560137747398
67 25 90 0.3988334829701695 0.001166517029830505
67 37 46 0.3932874996559843 0.006712500344015715
67 55 127 0.3911486306606469 0.008851369339353099
67 59 95 0.39131879850150136 0.008681201498498659
68 2 86 0.39026439862252604 0.00973560137747398
68 37 46 0.3932874996559843 0.006712500344015715
69 2 86 0.39026439862252604 0.00973560137747398
69 37 46 0.3932874996559843 0.006712500344015715
69 56 148 0.39500858773638536 0.0049914122636146585
70 2 86 0.39026439862252604 0.00973560137747398
70 21 82 0.39542711829861804 0.004572881701381981
70 29 58 0.3988043048807995 0.001195695119200535
70 37 46 0.3932874996559843 0.006712500344015715
70 139 145 0.3951481833666501 0.004851816633349937
71 7 86 0.3942981753388185 0.00570182466118152
71 22 103 0.39751119176525357 0.0024888082347464535
71 37 46 0.3932874996559843 0.006712500344015715
71 79 80 0.39935427008139057 6.457299186094501E-4
71 94 146 0.39938888771002157 6.111122899784549E-4
72 7 86 0.3942981753388185 0.00570182466118152
72 37 46 0.3932874996559843 0.006712500344015715
72 79 80 0.39935427008139057 6.457299186094501E-4
73 7 86 0.3991973770954752 8.02622904524819E-4
73 10 86 0.394933594337306 0.005066405662694007
73 37 46 0.3932874996559843 0.006712500344015715
73 79 80 0.39935427008139057 6.457299186094501E-4
74 10 86 0.39658088207741454 0.0034191179225854795
74 12 86 0.3947781478395017 0.005221852160498308
74 37 46 0.3932874996559843 0.006712500344015715
74 57 95 0.39228747221720783 0.007712527782792189
74 80 130 0.3968072724384267 0.0031927275615733497
74 102 103 0.39799052380262706 0.0020094761973729613
75 10 86 0.39658088207741454 0.0034191179225854795
75 57 95 0.39228747221720783 0.007712527782792189
75 80 130 0.3968072724384267 0.0031927275615733497
76 10 86 0.39400773425459673 0.005992265745403291
76 10 90 0.39274006763810493 0.007259932361895094
77 10 90 0.39274006763810493 0.007259932361895094
77 94 95 0.3908610889763166 0.009138911023683416
78 10 90 0.39274006763810493 0.007259932361895094
78 78 79 0.3941760510399435 0.005823948960056502
78 92 110 0.393120589445293 0.006879410554707033
79 10 90 0.39274006763810493 0.007259932361895094
80 10 90 0.39274006763810493 0.007259932361895094
81 10 90 0.39274006763810493 0.007259932361895094
81 14 39 0.39722636991356264 0.002773630086437384
82 23 39 0.39994164905948865 5.835094051137579E-5
83 23 39 0.39994164905948865 5.835094051137579E-5
83 58 120 0.39728463842745787 0.002715361572542152
84 19 86 0.38998812736184 0.010011872638160002
85 145 148 0.394803944527497 0.005196055472503014
87 58 80 0.39336702591554834 0.006632974084451682
87 78 130 0.3968368893397601 0.003163110660239943
88 11 30 0.39180144264759564 0.008198557352404379
88 58 80 0.39336702591554834 0.006632974084451682
90 48 70 0.3911266878178066 0.008873312182193449
91 15 57 0.3945040129338866 0.005495987066113428
91 48 70 0.3911266878178066 0.008873312182193449
91 82 139 0.39829555057224064 0.0017044494277593802
92 19 120 0.3965311397722001 0.003468860227799908
109 82 140 0.3899222581249658 0.01007774187503424
111 3 88 0.39414508139232457 0.005854918607675452
111 21 130 0.3957701162985009 0.004229883701499126
112 30 148 0.39529733094512254 0.004702669054877484
117 66 147 0.38784798826224 0.012152011737760038
118 58 90 0.39726423799946287 0.0027357620005371563
119 75 139 0.3977515294580775 0.0022484705419225093
120 64 66 0.3982242107866417 0.001775789213358303
121 137 148 0.39263633607563647 0.0073636639243635504
132 19 86 0.39153383376213 0.008466166237869999
133 109 137 0.39658753840622935 0.003412461593770677
139 28 77 0.3985496594627569 0.0014503405372431333
154 138 145 0.39692214584645324 0.0030778541535467774
155 138 145 0.39692214584645324 0.0030778541535467774
158 90 120 0.395834314005142 0.004165685994858004
164 28 129 0.3953839169202816 0.004616083079718447
